---- Before everything - GPU Memory Usage: 2400.19 MB
cam K=
380.248       0 314.214
      0 379.827 240.598
      0       0       1
ob_in_cam0
 0.104501  0.703525 -0.702945  0.196172
 0.876877  0.268298  0.398877   0.19759
 0.469219 -0.658079 -0.588868  0.924751
        0         0         0         1

data has 449 images
Connected to port 5555
----- Before data_loader - GPU Memory Usage: 2400.19 MB
color file: /home/kausik/Documents/BundleTrack2.0/Data/old_dataset/rgb/0001.png
---- After data_loader - GPU Memory Usage: 2414.19 MB


New frame 0001
zmq start waiting for reply
zmq got reply
---- After everything - GPU Memory Usage: 2414.19 MB
----- Before data_loader - GPU Memory Usage: 2414.19 MB
color file: /home/kausik/Documents/BundleTrack2.0/Data/old_dataset/rgb/0002.png
---- After data_loader - GPU Memory Usage: 2424.19 MB


New frame 0002
zmq start waiting for reply
zmq got reply
finding corres between 0002(id=1) and 0001(id=0)
frame->_pose_in_model after procrustes  0.106226  0.876363  0.469792 -0.628467
 0.702982  0.267954   -0.6588  0.418492
-0.703231  0.400237 -0.587603  0.602309
        0         0         0         1
Inlier num: 861
validRows 861
iter 0 lr 0.0001 currentLoss 0.34395
ori_rot
0.106226 0.876363 0.469792 
0.702982 0.267954 -0.6588 
-0.703231 0.400237 -0.587603 
ori_euler: 2.54364 0.779931 1.42082
rotation_euler: 2.54628 0.779573 1.42334
our rotation matrix
0.104503 0.876846 0.469273 
0.703552 0.268244 -0.658081 
-0.702976 0.398824 -0.588861 
frame->_pose_in_model after gradient descent  0.104503  0.876846  0.469273 -0.628467
 0.703552  0.268244 -0.658081  0.418492
-0.702976  0.398824 -0.588861  0.602309
        0         0         0         1
total keyframes=1, already chosen _local_frames=1, want to select 15
#_local_frames=2
0001 0002 
OptimizerGPU begin, global_corres#=861
global_corres=861
maxNumResiduals / maxNumberOfImages = 5661 / 2 = 2830
m_maxNumberOfImages*m_maxCorrPerImage = 2 x 861 = 1722
m_solver->solve Time difference = 6.295[ms]
---- After everything - GPU Memory Usage: 2488.19 MB
----- Before data_loader - GPU Memory Usage: 2488.19 MB
color file: /home/kausik/Documents/BundleTrack2.0/Data/old_dataset/rgb/0003.png
---- After data_loader - GPU Memory Usage: 2498.19 MB


New frame 0003
zmq start waiting for reply
zmq got reply
finding corres between 0003(id=2) and 0002(id=1)
frame->_pose_in_model after procrustes  0.102976  0.875841  0.471485 -0.629218
 0.708724  0.267985 -0.652606   0.41157
 -0.69793  0.401356 -0.593133  0.606094
        0         0         0         1
Inlier num: 856
validRows 856
iter 0 lr 0.0001 currentLoss 0.345219
ori_rot
0.102976 0.875841 0.471485 
0.708724 0.267985 -0.652606 
-0.69793 0.401356 -0.593133 
ori_euler: 2.5467 0.772503 1.42651
rotation_euler: 2.54465 0.779342 1.4212
our rotation matrix
0.106028 0.876688 0.469222 
0.70345 0.267355 -0.658544 
-0.702811 0.399876 -0.588353 
frame->_pose_in_model after gradient descent  0.106028  0.876688  0.469222 -0.629218
  0.70345  0.267355 -0.658544   0.41157
-0.702811  0.399876 -0.588353  0.606094
        0         0         0         1
total keyframes=1, already chosen _local_frames=1, want to select 15
#_local_frames=2
0001 0003 
finding corres between 0003(id=2) and 0001(id=0)
OptimizerGPU begin, global_corres#=872
global_corres=872
maxNumResiduals / maxNumberOfImages = 5672 / 2 = 2836
m_maxNumberOfImages*m_maxCorrPerImage = 2 x 872 = 1744
m_solver->solve Time difference = 6.087[ms]
---- After everything - GPU Memory Usage: 2498.19 MB
----- Before data_loader - GPU Memory Usage: 2498.19 MB
color file: /home/kausik/Documents/BundleTrack2.0/Data/old_dataset/rgb/0004.png
---- After data_loader - GPU Memory Usage: 2508.19 MB


New frame 0004
zmq start waiting for reply
zmq got reply
finding corres between 0004(id=3) and 0003(id=2)
frame->_pose_in_model after procrustes  0.104217  0.875711  0.471454 -0.629403
 0.706603  0.268395 -0.654733  0.413887
-0.699893  0.401366 -0.590809  0.604327
        0         0         0         1
Inlier num: 872
validRows 872
iter 0 lr 0.0001 currentLoss 0.269718
ori_rot
0.104217 0.875711 0.471454 
0.706603 0.268395 -0.654733 
-0.699893 0.401366 -0.590809 
ori_euler: 2.54486 0.775248 1.42436
rotation_euler: 2.54543 0.779142 1.42374
our rotation matrix
0.104259 0.876343 0.470266 
0.703875 0.268988 -0.657425 
-0.702669 0.399496 -0.588778 
frame->_pose_in_model after gradient descent  0.104259  0.876343  0.470266 -0.629403
 0.703875  0.268988 -0.657425  0.413887
-0.702669  0.399496 -0.588778  0.604327
        0         0         0         1
total keyframes=1, already chosen _local_frames=1, want to select 15
#_local_frames=2
0001 0004 
finding corres between 0004(id=3) and 0001(id=0)
OptimizerGPU begin, global_corres#=860
global_corres=860
maxNumResiduals / maxNumberOfImages = 5660 / 2 = 2830
m_maxNumberOfImages*m_maxCorrPerImage = 2 x 860 = 1720
m_solver->solve Time difference = 5.979[ms]
---- After everything - GPU Memory Usage: 2508.19 MB
----- Before data_loader - GPU Memory Usage: 2508.19 MB
color file: /home/kausik/Documents/BundleTrack2.0/Data/old_dataset/rgb/0005.png
---- After data_loader - GPU Memory Usage: 2518.19 MB


New frame 0005
zmq start waiting for reply
zmq got reply
finding corres between 0005(id=4) and 0004(id=3)
frame->_pose_in_model after procrustes  0.107349  0.876888  0.468555 -0.627612
  0.69927   0.26842 -0.662549  0.422414
-0.706751   0.39877 -0.584367  0.600341
        0         0         0         1
Inlier num: 857
validRows 857
iter 0 lr 0.0001 currentLoss 0.412976
ori_rot
0.107349 0.876888 0.468555 
0.69927 0.26842 -0.662549 
-0.706751 0.39877 -0.584367 
ori_euler: 2.54278 0.784895 1.41847
rotation_euler: 2.54165 0.778932 1.42118
our rotation matrix
0.106091 0.875194 0.471973 
0.703786 0.269128 -0.657459 
-0.70252 0.401815 -0.587397 
frame->_pose_in_model after gradient descent  0.106091  0.875194  0.471973 -0.627612
 0.703786  0.269128 -0.657459  0.422414
 -0.70252  0.401815 -0.587397  0.600341
        0         0         0         1
total keyframes=1, already chosen _local_frames=1, want to select 15
#_local_frames=2
0001 0005 
finding corres between 0005(id=4) and 0001(id=0)
OptimizerGPU begin, global_corres#=874
global_corres=874
maxNumResiduals / maxNumberOfImages = 5674 / 2 = 2837
m_maxNumberOfImages*m_maxCorrPerImage = 2 x 874 = 1748
m_solver->solve Time difference = 6.119[ms]
---- After everything - GPU Memory Usage: 2518.19 MB
----- Before data_loader - GPU Memory Usage: 2518.19 MB
color file: /home/kausik/Documents/BundleTrack2.0/Data/old_dataset/rgb/0006.png
---- After data_loader - GPU Memory Usage: 2528.19 MB


New frame 0006
zmq start waiting for reply
zmq got reply
finding corres between 0006(id=5) and 0005(id=4)
frame->_pose_in_model after procrustes   0.10787  0.876824  0.468555 -0.627548
 0.700706  0.267283 -0.661492  0.421462
-0.705248  0.399674 -0.585564  0.600972
        0         0         0         1
Inlier num: 869
validRows 869
iter 0 lr 0.0001 currentLoss 0.392855
ori_rot
0.10787 0.876824 0.468555 
0.700706 0.267283 -0.661492 
-0.705248 0.399674 -0.585564 
ori_euler: 2.54268 0.782773 1.41805
rotation_euler: 2.54636 0.778951 1.42218
our rotation matrix
0.105384 0.877152 0.468477 
0.70387 0.266899 -0.658269 
-0.702533 0.399039 -0.589285 
frame->_pose_in_model after gradient descent  0.105384  0.877152  0.468477 -0.627548
  0.70387  0.266899 -0.658269  0.421462
-0.702533  0.399039 -0.589285  0.600972
        0         0         0         1
total keyframes=1, already chosen _local_frames=1, want to select 15
#_local_frames=2
0001 0006 
finding corres between 0006(id=5) and 0001(id=0)
OptimizerGPU begin, global_corres#=865
global_corres=865
maxNumResiduals / maxNumberOfImages = 5665 / 2 = 2832
m_maxNumberOfImages*m_maxCorrPerImage = 2 x 865 = 1730
m_solver->solve Time difference = 6.157[ms]
---- After everything - GPU Memory Usage: 2530.19 MB
----- Before data_loader - GPU Memory Usage: 2530.19 MB
color file: /home/kausik/Documents/BundleTrack2.0/Data/old_dataset/rgb/0007.png
---- After data_loader - GPU Memory Usage: 2540.19 MB


New frame 0007
zmq start waiting for reply
zmq got reply
finding corres between 0007(id=6) and 0006(id=5)
frame->_pose_in_model after procrustes   0.10286  0.877565  0.468295 -0.626592
 0.706535  0.266931 -0.655406  0.414839
-0.700163  0.398281 -0.592574  0.606805
        0         0         0         1
Inlier num: 863
validRows 863
iter 0 lr 0.0001 currentLoss 0.330535
ori_rot
0.10286 0.877565 0.468295 
0.706535 0.266931 -0.655406 
-0.700163 0.398281 -0.592574 
ori_euler: 2.54982 0.775626 1.42623
rotation_euler: 2.54774 0.779403 1.42167
our rotation matrix
0.105694 0.87799 0.466864 
0.703478 0.265752 -0.659161 
-0.702855 0.398034 -0.589545 
frame->_pose_in_model after gradient descent  0.105694   0.87799  0.466864 -0.626592
 0.703478  0.265752 -0.659161  0.414839
-0.702855  0.398034 -0.589545  0.606805
        0         0         0         1
total keyframes=1, already chosen _local_frames=1, want to select 15
#_local_frames=2
0001 0007 
finding corres between 0007(id=6) and 0001(id=0)
OptimizerGPU begin, global_corres#=864
global_corres=864
maxNumResiduals / maxNumberOfImages = 5664 / 2 = 2832
m_maxNumberOfImages*m_maxCorrPerImage = 2 x 864 = 1728
m_solver->solve Time difference = 6.096[ms]
---- After everything - GPU Memory Usage: 2534.19 MB
----- Before data_loader - GPU Memory Usage: 2534.19 MB
color file: /home/kausik/Documents/BundleTrack2.0/Data/old_dataset/rgb/0008.png
---- After data_loader - GPU Memory Usage: 2542.19 MB


New frame 0008
zmq start waiting for reply
zmq got reply
finding corres between 0008(id=7) and 0007(id=6)
frame->_pose_in_model after procrustes  0.104135  0.876315  0.470349 -0.628538
 0.704828  0.268635 -0.656547   0.41583
-0.701694  0.399885 -0.589676  0.603983
        0         0         0         1
Inlier num: 846
validRows 846
iter 0 lr 0.0001 currentLoss 0.36102
ori_rot
0.104135 0.876315 0.470349 
0.704828 0.268635 -0.656547 
-0.701694 0.399885 -0.589676 
ori_euler: 2.54569 0.777772 1.42411
rotation_euler: 2.54494 0.778787 1.42388
our rotation matrix
0.104198 0.876025 0.470854 
0.70414 0.269304 -0.657011 
-0.702417 0.399932 -0.588796 
frame->_pose_in_model after gradient descent  0.104198  0.876025  0.470854 -0.628538
  0.70414  0.269304 -0.657011   0.41583
-0.702417  0.399932 -0.588796  0.603983
        0         0         0         1
total keyframes=1, already chosen _local_frames=1, want to select 15
#_local_frames=2
0001 0008 
finding corres between 0008(id=7) and 0001(id=0)
OptimizerGPU begin, global_corres#=871
global_corres=871
maxNumResiduals / maxNumberOfImages = 5671 / 2 = 2835
m_maxNumberOfImages*m_maxCorrPerImage = 2 x 871 = 1742
m_solver->solve Time difference = 6.109[ms]
---- After everything - GPU Memory Usage: 2532.19 MB
----- Before data_loader - GPU Memory Usage: 2532.19 MB
color file: /home/kausik/Documents/BundleTrack2.0/Data/old_dataset/rgb/0009.png
---- After data_loader - GPU Memory Usage: 2542.19 MB


New frame 0009
zmq start waiting for reply
zmq got reply
finding corres between 0009(id=8) and 0008(id=7)
frame->_pose_in_model after procrustes  0.104564  0.876356  0.470177 -0.628527
 0.703123  0.269206 -0.658139  0.417528
-0.703338  0.399409 -0.588037  0.602938
        0         0         0         1
Inlier num: 860
validRows 860
iter 0 lr 0.0001 currentLoss 0.334692
ori_rot
0.104564 0.876356 0.470177 
0.703123 0.269206 -0.658139 
-0.703338 0.399409 -0.588037 
ori_euler: 2.54495 0.780083 1.42316
rotation_euler: 2.54458 0.779119 1.42219
our rotation matrix
0.105353 0.876331 0.470028 
0.703722 0.2682 -0.657911 
-0.702653 0.400009 -0.588463 
frame->_pose_in_model after gradient descent  0.105353  0.876331  0.470028 -0.628527
 0.703722    0.2682 -0.657911  0.417528
-0.702653  0.400009 -0.588463  0.602938
        0         0         0         1
total keyframes=1, already chosen _local_frames=1, want to select 15
#_local_frames=2
0001 0009 
finding corres between 0009(id=8) and 0001(id=0)
OptimizerGPU begin, global_corres#=868
global_corres=868
maxNumResiduals / maxNumberOfImages = 5668 / 2 = 2834
m_maxNumberOfImages*m_maxCorrPerImage = 2 x 868 = 1736
m_solver->solve Time difference = 6.333[ms]
---- After everything - GPU Memory Usage: 2534.19 MB
----- Before data_loader - GPU Memory Usage: 2534.19 MB
color file: /home/kausik/Documents/BundleTrack2.0/Data/old_dataset/rgb/0010.png
---- After data_loader - GPU Memory Usage: 2542.19 MB


New frame 0010
zmq start waiting for reply
zmq got reply
finding corres between 0010(id=9) and 0009(id=8)
frame->_pose_in_model after procrustes  0.108499   0.87447  0.472791 -0.631215
 0.702073  0.269305 -0.659218  0.418691
 -0.70379  0.403458 -0.584722  0.599032
        0         0         0         1
Inlier num: 870
validRows 870
iter 0 lr 0.0001 currentLoss 0.31429
ori_rot
0.108499 0.87447 0.472791 
0.702073 0.269305 -0.659218 
-0.70379 0.403458 -0.584722 
ori_euler: 2.53761 0.780719 1.41747
rotation_euler: 2.54605 0.779355 1.42352
our rotation matrix
0.104398 0.876665 0.46962 
0.703735 0.268458 -0.657787 
-0.702821 0.399058 -0.588911 
frame->_pose_in_model after gradient descent  0.104398  0.876665   0.46962 -0.631215
 0.703735  0.268458 -0.657787  0.418691
-0.702821  0.399058 -0.588911  0.599032
        0         0         0         1
total keyframes=1, already chosen _local_frames=1, want to select 15
#_local_frames=2
0001 0010 
finding corres between 0010(id=9) and 0001(id=0)
OptimizerGPU begin, global_corres#=869
global_corres=869
maxNumResiduals / maxNumberOfImages = 5669 / 2 = 2834
m_maxNumberOfImages*m_maxCorrPerImage = 2 x 869 = 1738
m_solver->solve Time difference = 6.168[ms]
---- After everything - GPU Memory Usage: 2532.19 MB
----- Before data_loader - GPU Memory Usage: 2532.19 MB
color file: /home/kausik/Documents/BundleTrack2.0/Data/old_dataset/rgb/0011.png
---- After data_loader - GPU Memory Usage: 2542.19 MB


New frame 0011
zmq start waiting for reply
zmq got reply
finding corres between 0011(id=10) and 0010(id=9)
frame->_pose_in_model after procrustes  0.104633   0.87622  0.470417  -0.62856
  0.70677  0.267262 -0.655017  0.414375
-0.699663  0.401012 -0.591321  0.604843
        0         0         0         1
Inlier num: 868
validRows 868
iter 0 lr 0.0001 currentLoss 0.288858
ori_rot
0.104633 0.87622 0.470417 
0.70677 0.267262 -0.655017 
-0.699663 0.401012 -0.591321 
ori_euler: 2.54567 0.774926 1.42382
rotation_euler: 2.5399 0.778751 1.41987
our rotation matrix
0.107027 0.874739 0.472629 
0.703747 0.269077 -0.657524 
-0.702391 0.402903 -0.586784 
frame->_pose_in_model after gradient descent  0.107027  0.874739  0.472629  -0.62856
 0.703747  0.269077 -0.657524  0.414375
-0.702391  0.402903 -0.586784  0.604843
        0         0         0         1
total keyframes=1, already chosen _local_frames=1, want to select 15
#_local_frames=2
0001 0011 
finding corres between 0011(id=10) and 0001(id=0)
OptimizerGPU begin, global_corres#=865
global_corres=865
maxNumResiduals / maxNumberOfImages = 5665 / 2 = 2832
m_maxNumberOfImages*m_maxCorrPerImage = 2 x 865 = 1730
m_solver->solve Time difference = 6.011[ms]
---- After everything - GPU Memory Usage: 2534.19 MB
----- Before data_loader - GPU Memory Usage: 2534.19 MB
color file: /home/kausik/Documents/BundleTrack2.0/Data/old_dataset/rgb/0012.png
---- After data_loader - GPU Memory Usage: 2542.19 MB


New frame 0012
zmq start waiting for reply
zmq got reply
finding corres between 0012(id=11) and 0011(id=10)
frame->_pose_in_model after procrustes  0.105742  0.875846  0.470864 -0.629193
 0.703883  0.268549 -0.657595  0.417033
-0.702402  0.400968 -0.588096   0.60237
        0         0         0         1
Inlier num: 873
validRows 873
iter 0 lr 0.0001 currentLoss 0.328466
ori_rot
0.105742 0.875846 0.470864 
0.703883 0.268549 -0.657595 
-0.702402 0.400968 -0.588096 
ori_euler: 2.54318 0.778766 1.42168
rotation_euler: 2.54498 0.779016 1.42253
our rotation matrix
0.105125 0.87645 0.46988 
0.703838 0.268169 -0.657797 
-0.70258 0.399807 -0.588671 
frame->_pose_in_model after gradient descent  0.105125   0.87645   0.46988 -0.629193
 0.703838  0.268169 -0.657797  0.417033
 -0.70258  0.399807 -0.588671   0.60237
        0         0         0         1
total keyframes=1, already chosen _local_frames=1, want to select 15
#_local_frames=2
0001 0012 
finding corres between 0012(id=11) and 0001(id=0)
OptimizerGPU begin, global_corres#=868
global_corres=868
maxNumResiduals / maxNumberOfImages = 5668 / 2 = 2834
m_maxNumberOfImages*m_maxCorrPerImage = 2 x 868 = 1736
m_solver->solve Time difference = 6.23[ms]
---- After everything - GPU Memory Usage: 2534.19 MB
----- Before data_loader - GPU Memory Usage: 2534.19 MB
color file: /home/kausik/Documents/BundleTrack2.0/Data/old_dataset/rgb/0013.png
---- After data_loader - GPU Memory Usage: 2542.19 MB


New frame 0013
zmq start waiting for reply
zmq got reply
finding corres between 0013(id=12) and 0012(id=11)
frame->_pose_in_model after procrustes  0.104992  0.877655  0.467652 -0.626437
 0.703548    0.2668 -0.658663  0.418418
-0.702848   0.39817 -0.589461  0.604345
        0         0         0         1
Inlier num: 861
validRows 861
iter 0 lr 0.0001 currentLoss 0.467093
ori_rot
0.104992 0.877655 0.467652 
0.703548 0.2668 -0.658663 
-0.702848 0.39817 -0.589461 
ori_euler: 2.54751 0.779394 1.42266
rotation_euler: 2.54404 0.781166 1.42004
our rotation matrix
0.106658 0.876755 0.468933 
0.702115 0.267431 -0.659942 
-0.704108 0.399523 -0.587054 
frame->_pose_in_model after gradient descent  0.106658  0.876755  0.468933 -0.626437
 0.702115  0.267431 -0.659942  0.418418
-0.704108  0.399523 -0.587054  0.604345
        0         0         0         1
total keyframes=1, already chosen _local_frames=1, want to select 15
#_local_frames=2
0001 0013 
finding corres between 0013(id=12) and 0001(id=0)
OptimizerGPU begin, global_corres#=872
global_corres=872
maxNumResiduals / maxNumberOfImages = 5672 / 2 = 2836
m_maxNumberOfImages*m_maxCorrPerImage = 2 x 872 = 1744
m_solver->solve Time difference = 6.236[ms]
---- After everything - GPU Memory Usage: 2534.19 MB
----- Before data_loader - GPU Memory Usage: 2534.19 MB
color file: /home/kausik/Documents/BundleTrack2.0/Data/old_dataset/rgb/0014.png
---- After data_loader - GPU Memory Usage: 2542.19 MB


New frame 0014
zmq start waiting for reply
zmq got reply
finding corres between 0014(id=13) and 0013(id=12)
frame->_pose_in_model after procrustes  0.104338  0.878043   0.46707 -0.625779
 0.703731  0.266672  -0.65852  0.418277
-0.702763    0.3974 -0.590082  0.605138
        0         0         0         1
Inlier num: 869
validRows 869
iter 0 lr 0.0001 currentLoss 0.393713
ori_rot
0.104338 0.878043 0.46707 
0.703731 0.266672 -0.65852 
-0.702763 0.3974 -0.590082 
ori_euler: 2.5489 0.779274 1.42361
rotation_euler: 2.54793 0.777633 1.42465
our rotation matrix
0.103784 0.877135 0.46886 
0.705063 0.267483 -0.656769 
-0.701595 0.398627 -0.590668 
frame->_pose_in_model after gradient descent  0.103784  0.877135   0.46886 -0.625779
 0.705063  0.267483 -0.656769  0.418277
-0.701595  0.398627 -0.590668  0.605138
        0         0         0         1
total keyframes=1, already chosen _local_frames=1, want to select 15
#_local_frames=2
0001 0014 
finding corres between 0014(id=13) and 0001(id=0)
OptimizerGPU begin, global_corres#=875
global_corres=875
maxNumResiduals / maxNumberOfImages = 5675 / 2 = 2837
m_maxNumberOfImages*m_maxCorrPerImage = 2 x 875 = 1750
m_solver->solve Time difference = 6.241[ms]
---- After everything - GPU Memory Usage: 2536.19 MB
----- Before data_loader - GPU Memory Usage: 2536.19 MB
color file: /home/kausik/Documents/BundleTrack2.0/Data/old_dataset/rgb/0015.png
---- After data_loader - GPU Memory Usage: 2544.19 MB


New frame 0015
zmq start waiting for reply
zmq got reply
finding corres between 0015(id=14) and 0014(id=13)
frame->_pose_in_model after procrustes  0.105406  0.875873  0.470888 -0.629175
  0.70451   0.26842 -0.656975  0.416497
-0.701822  0.400995 -0.588768  0.602989
        0         0         0         1
Inlier num: 867
validRows 867
iter 0 lr 0.0001 currentLoss 0.394656
ori_rot
0.105406 0.875873 0.470888 
0.70451 0.26842 -0.656975 
-0.701822 0.400995 -0.588768 
ori_euler: 2.54368 0.777952 1.42228
rotation_euler: 2.54658 0.781047 1.42174
our rotation matrix
0.105472 0.877525 0.467775 
0.70234 0.267227 -0.659775 
-0.704024 0.398071 -0.588137 
frame->_pose_in_model after gradient descent  0.105472  0.877525  0.467775 -0.629175
  0.70234  0.267227 -0.659775  0.416497
-0.704024  0.398071 -0.588137  0.602989
        0         0         0         1
total keyframes=1, already chosen _local_frames=1, want to select 15
#_local_frames=2
0001 0015 
finding corres between 0015(id=14) and 0001(id=0)
OptimizerGPU begin, global_corres#=864
global_corres=864
maxNumResiduals / maxNumberOfImages = 5664 / 2 = 2832
m_maxNumberOfImages*m_maxCorrPerImage = 2 x 864 = 1728
m_solver->solve Time difference = 6.167[ms]
---- After everything - GPU Memory Usage: 2534.19 MB
----- Before data_loader - GPU Memory Usage: 2534.19 MB
color file: /home/kausik/Documents/BundleTrack2.0/Data/old_dataset/rgb/0016.png
---- After data_loader - GPU Memory Usage: 2544.19 MB


New frame 0016
zmq start waiting for reply
zmq got reply
finding corres between 0016(id=15) and 0015(id=14)
frame->_pose_in_model after procrustes  0.104886  0.877115  0.468687 -0.627309
 0.703611  0.267608 -0.658269   0.41779
-0.702802  0.398817 -0.589079  0.603668
        0         0         0         1
Inlier num: 845
validRows 845
iter 0 lr 0.0001 currentLoss 0.323025
ori_rot
0.104886 0.877115 0.468687 
0.703611 0.267608 -0.658269 
-0.702802 0.398817 -0.589079 
ori_euler: 2.54646 0.779329 1.42282
rotation_euler: 2.54447 0.779316 1.42098
our rotation matrix
0.10619 0.876606 0.469331 
0.703502 0.267247 -0.658531 
-0.702793 0.399998 -0.588303 
frame->_pose_in_model after gradient descent   0.10619  0.876606  0.469331 -0.627309
 0.703502  0.267247 -0.658531   0.41779
-0.702793  0.399998 -0.588303  0.603668
        0         0         0         1
total keyframes=1, already chosen _local_frames=1, want to select 15
#_local_frames=2
0001 0016 
finding corres between 0016(id=15) and 0001(id=0)
OptimizerGPU begin, global_corres#=862
global_corres=862
maxNumResiduals / maxNumberOfImages = 5662 / 2 = 2831
m_maxNumberOfImages*m_maxCorrPerImage = 2 x 862 = 1724
m_solver->solve Time difference = 6.297[ms]
---- After everything - GPU Memory Usage: 2538.19 MB
----- Before data_loader - GPU Memory Usage: 2538.19 MB
color file: /home/kausik/Documents/BundleTrack2.0/Data/old_dataset/rgb/0017.png
---- After data_loader - GPU Memory Usage: 2544.19 MB


New frame 0017
zmq start waiting for reply
zmq got reply
finding corres between 0017(id=16) and 0016(id=15)
frame->_pose_in_model after procrustes  0.106671  0.876536  0.469368 -0.628063
 0.701829   0.26801 -0.660005  0.419573
-0.704313   0.39982 -0.586589  0.601421
        0         0         0         1
Inlier num: 864
validRows 864
iter 0 lr 0.0001 currentLoss 0.420603
ori_rot
0.106671 0.876536 0.469368 
0.701829 0.26801 -0.660005 
-0.704313 0.39982 -0.586589 
ori_euler: 2.54332 0.781455 1.41996
rotation_euler: 2.54563 0.778969 1.42227
our rotation matrix
0.105311 0.876813 0.469147 
0.703835 0.267519 -0.658071 
-0.702546 0.399448 -0.588958 
frame->_pose_in_model after gradient descent  0.105311  0.876813  0.469147 -0.628063
 0.703835  0.267519 -0.658071  0.419573
-0.702546  0.399448 -0.588958  0.601421
        0         0         0         1
total keyframes=1, already chosen _local_frames=1, want to select 15
#_local_frames=2
0001 0017 
finding corres between 0017(id=16) and 0001(id=0)
OptimizerGPU begin, global_corres#=870
global_corres=870
maxNumResiduals / maxNumberOfImages = 5670 / 2 = 2835
m_maxNumberOfImages*m_maxCorrPerImage = 2 x 870 = 1740
m_solver->solve Time difference = 6.051[ms]
---- After everything - GPU Memory Usage: 2536.19 MB
----- Before data_loader - GPU Memory Usage: 2536.19 MB
color file: /home/kausik/Documents/BundleTrack2.0/Data/old_dataset/rgb/0018.png
---- After data_loader - GPU Memory Usage: 2544.19 MB


New frame 0018
zmq start waiting for reply
zmq got reply
finding corres between 0018(id=17) and 0017(id=16)
frame->_pose_in_model after procrustes  0.105639  0.876648  0.469392 -0.627962
 0.702344  0.268384 -0.659305  0.418903
-0.703955  0.399323 -0.587356  0.602478
        0         0         0         1
Inlier num: 863
validRows 863
iter 0 lr 0.0001 currentLoss 0.402738
ori_rot
0.105639 0.876648 0.469392 
0.702344 0.268384 -0.659305 
-0.703955 0.399323 -0.587356 
ori_euler: 2.54451 0.780951 1.42151
rotation_euler: 2.54277 0.783592 1.41926
our rotation matrix
0.106938 0.876571 0.469233 
0.700299 0.268581 -0.661418 
-0.705828 0.399288 -0.585111 
frame->_pose_in_model after gradient descent  0.106938  0.876571  0.469233 -0.627962
 0.700299  0.268581 -0.661418  0.418903
-0.705828  0.399288 -0.585111  0.602478
        0         0         0         1
total keyframes=1, already chosen _local_frames=1, want to select 15
#_local_frames=2
0001 0018 
finding corres between 0018(id=17) and 0001(id=0)
OptimizerGPU begin, global_corres#=871
global_corres=871
maxNumResiduals / maxNumberOfImages = 5671 / 2 = 2835
m_maxNumberOfImages*m_maxCorrPerImage = 2 x 871 = 1742
m_solver->solve Time difference = 6.207[ms]
---- After everything - GPU Memory Usage: 2536.19 MB
----- Before data_loader - GPU Memory Usage: 2536.19 MB
color file: /home/kausik/Documents/BundleTrack2.0/Data/old_dataset/rgb/0019.png
---- After data_loader - GPU Memory Usage: 2544.19 MB


New frame 0019
zmq start waiting for reply
zmq got reply
finding corres between 0019(id=18) and 0018(id=17)
frame->_pose_in_model after procrustes  0.106099  0.878046  0.466667 -0.625792
 0.701392  0.266583 -0.661047  0.421132
-0.704835  0.397453  -0.58757  0.603301
        0         0         0         1
Inlier num: 857
validRows 856
iter 0 lr 0.0001 currentLoss 0.307604
ori_rot
0.106099 0.878046 0.466667 
0.701392 0.266583 -0.661047 
-0.704835 0.397453 -0.58757 
ori_euler: 2.54686 0.78219 1.42067
rotation_euler: 2.54269 0.780067 1.42118
our rotation matrix
0.105971 0.87577 0.470948 
0.702985 0.2689 -0.65841 
-0.703327 0.400743 -0.587146 
frame->_pose_in_model after gradient descent  0.105971   0.87577  0.470948 -0.625792
 0.702985    0.2689  -0.65841  0.421132
-0.703327  0.400743 -0.587146  0.603301
        0         0         0         1
total keyframes=1, already chosen _local_frames=1, want to select 15
#_local_frames=2
0001 0019 
finding corres between 0019(id=18) and 0001(id=0)
OptimizerGPU begin, global_corres#=870
global_corres=870
maxNumResiduals / maxNumberOfImages = 5670 / 2 = 2835
m_maxNumberOfImages*m_maxCorrPerImage = 2 x 870 = 1740
m_solver->solve Time difference = 6.211[ms]
---- After everything - GPU Memory Usage: 2536.19 MB
----- Before data_loader - GPU Memory Usage: 2536.19 MB
color file: /home/kausik/Documents/BundleTrack2.0/Data/old_dataset/rgb/0020.png
---- After data_loader - GPU Memory Usage: 2544.19 MB


New frame 0020
zmq start waiting for reply
zmq got reply
finding corres between 0020(id=19) and 0019(id=18)
frame->_pose_in_model after procrustes    0.1044  0.876418  0.470099 -0.628224
 0.705333  0.267992 -0.656266  0.415629
-0.701146  0.400091 -0.590188  0.604221
        0         0         0         1
Inlier num: 860
validRows 860
iter 0 lr 0.0001 currentLoss 0.443062
ori_rot
0.1044 0.876418 0.470099 
0.705333 0.267992 -0.656266 
-0.701146 0.400091 -0.590188 
ori_euler: 2.54585 0.777003 1.42385
rotation_euler: 2.54708 0.781641 1.42094
our rotation matrix
0.10597 0.877998 0.466773 
0.701853 0.266427 -0.660626 
-0.704445 0.397541 -0.587985 
frame->_pose_in_model after gradient descent   0.10597  0.877998  0.466773 -0.628224
 0.701853  0.266427 -0.660626  0.415629
-0.704445  0.397541 -0.587985  0.604221
        0         0         0         1
total keyframes=1, already chosen _local_frames=1, want to select 15
#_local_frames=2
0001 0020 
finding corres between 0020(id=19) and 0001(id=0)
OptimizerGPU begin, global_corres#=872
global_corres=872
maxNumResiduals / maxNumberOfImages = 5672 / 2 = 2836
m_maxNumberOfImages*m_maxCorrPerImage = 2 x 872 = 1744
m_solver->solve Time difference = 6.33[ms]
---- After everything - GPU Memory Usage: 2534.19 MB
----- Before data_loader - GPU Memory Usage: 2534.19 MB
color file: /home/kausik/Documents/BundleTrack2.0/Data/old_dataset/rgb/0021.png
---- After data_loader - GPU Memory Usage: 2544.19 MB


New frame 0021
zmq start waiting for reply
zmq got reply
finding corres between 0021(id=20) and 0020(id=19)
frame->_pose_in_model after procrustes    0.1083  0.876182  0.469655 -0.628603
 0.698742  0.268957 -0.662889  0.422588
-0.707128  0.399958 -0.583098  0.598789
        0         0         0         1
Inlier num: 865
validRows 865
iter 0 lr 0.0001 currentLoss 0.338878
ori_rot
0.1083 0.876182 0.469655 
0.698742 0.268957 -0.662889 
-0.707128 0.399958 -0.583098 
ori_euler: 2.54038 0.785429 1.41703
rotation_euler: 2.54436 0.777643 1.42239
our rotation matrix
0.105372 0.876105 0.470438 
0.704778 0.267902 -0.656891 
-0.701602 0.40073 -0.589242 
frame->_pose_in_model after gradient descent  0.105372  0.876105  0.470438 -0.628603
 0.704778  0.267902 -0.656891  0.422588
-0.701602   0.40073 -0.589242  0.598789
        0         0         0         1
total keyframes=1, already chosen _local_frames=1, want to select 15
#_local_frames=2
0001 0021 
finding corres between 0021(id=20) and 0001(id=0)
OptimizerGPU begin, global_corres#=862
global_corres=862
maxNumResiduals / maxNumberOfImages = 5662 / 2 = 2831
m_maxNumberOfImages*m_maxCorrPerImage = 2 x 862 = 1724
m_solver->solve Time difference = 6.124[ms]
---- After everything - GPU Memory Usage: 2536.19 MB
----- Before data_loader - GPU Memory Usage: 2536.19 MB
color file: /home/kausik/Documents/BundleTrack2.0/Data/old_dataset/rgb/0022.png
---- After data_loader - GPU Memory Usage: 2544.19 MB


New frame 0022
zmq start waiting for reply
zmq got reply
finding corres between 0022(id=21) and 0021(id=20)
frame->_pose_in_model after procrustes  0.103236  0.878214  0.466993 -0.625668
 0.709378    0.2641 -0.653478  0.413109
-0.697226  0.398737 -0.595722  0.608703
        0         0         0         1
Inlier num: 868
validRows 868
iter 0 lr 0.0001 currentLoss 0.431176
ori_rot
0.103236 0.878214 0.466993 
0.709378 0.2641 -0.653478 
-0.697226 0.398737 -0.595722 
ori_euler: 2.55175 0.77152 1.42628
rotation_euler: 2.54068 0.781527 1.41823
our rotation matrix
0.107885 0.875711 0.470622 
0.701644 0.268233 -0.660116 
-0.704364 0.401341 -0.585486 
frame->_pose_in_model after gradient descent  0.107885  0.875711  0.470622 -0.625668
 0.701644  0.268233 -0.660116  0.413109
-0.704364  0.401341 -0.585486  0.608703
        0         0         0         1
total keyframes=1, already chosen _local_frames=1, want to select 15
#_local_frames=2
0001 0022 
finding corres between 0022(id=21) and 0001(id=0)
OptimizerGPU begin, global_corres#=875
global_corres=875
maxNumResiduals / maxNumberOfImages = 5675 / 2 = 2837
m_maxNumberOfImages*m_maxCorrPerImage = 2 x 875 = 1750
m_solver->solve Time difference = 6.07[ms]
---- After everything - GPU Memory Usage: 2538.19 MB
----- Before data_loader - GPU Memory Usage: 2538.19 MB
color file: /home/kausik/Documents/BundleTrack2.0/Data/old_dataset/rgb/0023.png
---- After data_loader - GPU Memory Usage: 2546.19 MB


New frame 0023
zmq start waiting for reply
zmq got reply
finding corres between 0023(id=22) and 0022(id=21)
frame->_pose_in_model after procrustes  0.108551  0.876387  0.469215 -0.628466
 0.695681  0.270192   -0.6656   0.42548
-0.710101  0.398676 -0.580356  0.597463
        0         0         0         1
Inlier num: 863
validRows 863
iter 0 lr 0.0001 currentLoss 0.258039
ori_rot
0.108551 0.876387 0.469215 
0.695681 0.270192 -0.6656 
-0.710101 0.398676 -0.580356 
ori_euler: 2.53968 0.789642 1.41601
rotation_euler: 2.54843 0.778252 1.42285
our rotation matrix
0.10498 0.877931 0.467119 
0.704407 0.265853 -0.658128 
-0.702035 0.398083 -0.5905 
frame->_pose_in_model after gradient descent   0.10498  0.877931  0.467119 -0.628466
 0.704407  0.265853 -0.658128   0.42548
-0.702035  0.398083   -0.5905  0.597463
        0         0         0         1
total keyframes=1, already chosen _local_frames=1, want to select 15
#_local_frames=2
0001 0023 
finding corres between 0023(id=22) and 0001(id=0)
OptimizerGPU begin, global_corres#=870
global_corres=870
maxNumResiduals / maxNumberOfImages = 5670 / 2 = 2835
m_maxNumberOfImages*m_maxCorrPerImage = 2 x 870 = 1740
m_solver->solve Time difference = 6.335[ms]
---- After everything - GPU Memory Usage: 2538.19 MB
----- Before data_loader - GPU Memory Usage: 2538.19 MB
color file: /home/kausik/Documents/BundleTrack2.0/Data/old_dataset/rgb/0024.png
---- After data_loader - GPU Memory Usage: 2546.19 MB


New frame 0024
zmq start waiting for reply
zmq got reply
finding corres between 0024(id=23) and 0023(id=22)
frame->_pose_in_model after procrustes  0.106167  0.878225  0.466315 -0.625399
 0.700786  0.266616 -0.661676  0.421709
-0.705427  0.397035 -0.587142  0.602828
        0         0         0         1
Inlier num: 852
validRows 852
iter 0 lr 0.0001 currentLoss 0.330121
ori_rot
0.106167 0.878225 0.466315 
0.700786 0.266616 -0.661676 
-0.705427 0.397035 -0.587142 
ori_euler: 2.54701 0.783026 1.42044
rotation_euler: 2.54575 0.778062 1.42303
our rotation matrix
0.104876 0.87663 0.469598 
0.704545 0.267722 -0.657222 
-0.7019 0.39973 -0.589535 
frame->_pose_in_model after gradient descent  0.104876   0.87663  0.469598 -0.625399
 0.704545  0.267722 -0.657222  0.421709
  -0.7019   0.39973 -0.589535  0.602828
        0         0         0         1
total keyframes=1, already chosen _local_frames=1, want to select 15
#_local_frames=2
0001 0024 
finding corres between 0024(id=23) and 0001(id=0)
OptimizerGPU begin, global_corres#=861
global_corres=861
maxNumResiduals / maxNumberOfImages = 5661 / 2 = 2830
m_maxNumberOfImages*m_maxCorrPerImage = 2 x 861 = 1722
m_solver->solve Time difference = 6.015[ms]
---- After everything - GPU Memory Usage: 2538.19 MB
----- Before data_loader - GPU Memory Usage: 2538.19 MB
color file: /home/kausik/Documents/BundleTrack2.0/Data/old_dataset/rgb/0025.png
---- After data_loader - GPU Memory Usage: 2546.19 MB


New frame 0025
zmq start waiting for reply
zmq got reply
finding corres between 0025(id=24) and 0024(id=23)
frame->_pose_in_model after procrustes  0.100419  0.877928  0.468144 -0.626111
 0.710339  0.266198 -0.651581  0.410793
 -0.69666  0.397972 -0.596895  0.609935
        0         0         0         1
Inlier num: 856
validRows 856
iter 0 lr 0.0001 currentLoss 0.366846
ori_rot
0.100419 0.877928 0.468144 
0.710339 0.266198 -0.651581 
-0.69666 0.397972 -0.596895 
ori_euler: 2.55354 0.770731 1.43036
rotation_euler: 2.54782 0.781986 1.42055
our rotation matrix
0.106213 0.878448 0.46587 
0.701603 0.265707 -0.661178 
-0.70469 0.396974 -0.588077 
frame->_pose_in_model after gradient descent  0.106213  0.878448   0.46587 -0.626111
 0.701603  0.265707 -0.661178  0.410793
 -0.70469  0.396974 -0.588077  0.609935
        0         0         0         1
total keyframes=1, already chosen _local_frames=1, want to select 15
#_local_frames=2
0001 0025 
finding corres between 0025(id=24) and 0001(id=0)
OptimizerGPU begin, global_corres#=871
global_corres=871
maxNumResiduals / maxNumberOfImages = 5671 / 2 = 2835
m_maxNumberOfImages*m_maxCorrPerImage = 2 x 871 = 1742
m_solver->solve Time difference = 6.095[ms]
---- After everything - GPU Memory Usage: 2538.19 MB
----- Before data_loader - GPU Memory Usage: 2538.19 MB
color file: /home/kausik/Documents/BundleTrack2.0/Data/old_dataset/rgb/0026.png
---- After data_loader - GPU Memory Usage: 2546.19 MB


New frame 0026
zmq start waiting for reply
zmq got reply
finding corres between 0026(id=25) and 0025(id=24)
frame->_pose_in_model after procrustes     0.104  0.878765  0.465785 -0.624886
 0.705879  0.264706 -0.657012  0.416862
-0.700656  0.397117 -0.592773  0.607069
        0         0         0         1
Inlier num: 871
validRows 871
iter 0 lr 0.0001 currentLoss 0.427015
ori_rot
0.104 0.878765 0.465785 
0.705879 0.264706 -0.657012 
-0.700656 0.397117 -0.592773 
ori_euler: 2.55133 0.776316 1.42451
rotation_euler: 2.54873 0.777633 1.42491
our rotation matrix
0.103591 0.877476 0.468293 
0.705051 0.267255 -0.656874 
-0.701594 0.398145 -0.59097 
frame->_pose_in_model after gradient descent  0.103591  0.877476  0.468293 -0.624886
 0.705051  0.267255 -0.656874  0.416862
-0.701594  0.398145  -0.59097  0.607069
        0         0         0         1
total keyframes=1, already chosen _local_frames=1, want to select 15
#_local_frames=2
0001 0026 
finding corres between 0026(id=25) and 0001(id=0)
OptimizerGPU begin, global_corres#=868
global_corres=868
maxNumResiduals / maxNumberOfImages = 5668 / 2 = 2834
m_maxNumberOfImages*m_maxCorrPerImage = 2 x 868 = 1736
m_solver->solve Time difference = 6.254[ms]
---- After everything - GPU Memory Usage: 2538.19 MB
----- Before data_loader - GPU Memory Usage: 2538.19 MB
color file: /home/kausik/Documents/BundleTrack2.0/Data/old_dataset/rgb/0027.png
---- After data_loader - GPU Memory Usage: 2546.19 MB


New frame 0027
zmq start waiting for reply
zmq got reply
finding corres between 0027(id=26) and 0026(id=25)
frame->_pose_in_model after procrustes  0.105948  0.876926  0.468803 -0.627543
 0.700911  0.268558 -0.660757  0.420348
-0.705335  0.398595 -0.586194  0.601652
        0         0         0         1
Inlier num: 860
validRows 860
iter 0 lr 0.0001 currentLoss 0.434215
ori_rot
0.105948 0.876926 0.468803 
0.700911 0.268558 -0.660757 
-0.705335 0.398595 -0.586194 
ori_euler: 2.54444 0.782896 1.42077
rotation_euler: 2.54856 0.777426 1.42339
our rotation matrix
0.104689 0.877784 0.467471 
0.705047 0.265937 -0.657415 
-0.701447 0.398325 -0.591023 
frame->_pose_in_model after gradient descent  0.104689  0.877784  0.467471 -0.627543
 0.705047  0.265937 -0.657415  0.420348
-0.701447  0.398325 -0.591023  0.601652
        0         0         0         1
total keyframes=1, already chosen _local_frames=1, want to select 15
#_local_frames=2
0001 0027 
finding corres between 0027(id=26) and 0001(id=0)
OptimizerGPU begin, global_corres#=860
global_corres=860
maxNumResiduals / maxNumberOfImages = 5660 / 2 = 2830
m_maxNumberOfImages*m_maxCorrPerImage = 2 x 860 = 1720
m_solver->solve Time difference = 6.016[ms]
---- After everything - GPU Memory Usage: 2538.19 MB
----- Before data_loader - GPU Memory Usage: 2538.19 MB
color file: /home/kausik/Documents/BundleTrack2.0/Data/old_dataset/rgb/0028.png
---- After data_loader - GPU Memory Usage: 2546.19 MB


New frame 0028
zmq start waiting for reply
zmq got reply
finding corres between 0028(id=27) and 0027(id=26)
frame->_pose_in_model after procrustes  0.105891  0.877621  0.467512  -0.62663
 0.703206  0.266323 -0.659221  0.419047
-0.703056  0.398563 -0.588948  0.603855
        0         0         0         1
Inlier num: 880
validRows 880
iter 0 lr 0.0001 currentLoss 0.43908
ori_rot
0.105891 0.877621 0.467512 
0.703206 0.266323 -0.659221 
-0.703056 0.398563 -0.588948 
ori_euler: 2.54665 0.779686 1.42134
rotation_euler: 2.54807 0.779741 1.42314
our rotation matrix
0.104622 0.877757 0.467537 
0.703409 0.266955 -0.658754 
-0.703096 0.397703 -0.589482 
frame->_pose_in_model after gradient descent  0.104622  0.877757  0.467537  -0.62663
 0.703409  0.266955 -0.658754  0.419047
-0.703096  0.397703 -0.589482  0.603855
        0         0         0         1
total keyframes=1, already chosen _local_frames=1, want to select 15
#_local_frames=2
0001 0028 
finding corres between 0028(id=27) and 0001(id=0)
OptimizerGPU begin, global_corres#=875
global_corres=875
maxNumResiduals / maxNumberOfImages = 5675 / 2 = 2837
m_maxNumberOfImages*m_maxCorrPerImage = 2 x 875 = 1750
m_solver->solve Time difference = 6.117[ms]
---- After everything - GPU Memory Usage: 2538.19 MB
----- Before data_loader - GPU Memory Usage: 2538.19 MB
