---- Before everything - GPU Memory Usage: 2399.19 MB
cam K=
380.248       0 314.214
      0 379.827 240.598
      0       0       1
ob_in_cam0
 0.104501  0.703525 -0.702945  0.196172
 0.876877  0.268298  0.398877   0.19759
 0.469219 -0.658079 -0.588868  0.924751
        0         0         0         1

data has 449 images
Connected to port 5555
----- Before data_loader - GPU Memory Usage: 2399.19 MB
color file: /home/kausik/Documents/BundleTrack2.0/Data/old_dataset/rgb/0001.png
---- After data_loader - GPU Memory Usage: 2413.19 MB


New frame 0001
zmq start waiting for reply
zmq got reply
---- After everything - GPU Memory Usage: 2413.19 MB
----- Before data_loader - GPU Memory Usage: 2413.19 MB
color file: /home/kausik/Documents/BundleTrack2.0/Data/old_dataset/rgb/0002.png
---- After data_loader - GPU Memory Usage: 2423.19 MB


New frame 0002
zmq start waiting for reply
zmq got reply
finding corres between 0002(id=1) and 0001(id=0)
start multi pair ransac GPU, pairs#=1
validRows 854
iter 0 currentLoss 1.23444
iter 1 currentLoss 1.11458
iter 2 currentLoss 0.95548
iter 3 currentLoss 0.775661
iter 4 currentLoss 0.599109
iter 5 currentLoss 0.460516
iter 6 currentLoss 0.404617
iter 7 currentLoss 0.442669
iter 8 currentLoss 0.527349
iter 9 currentLoss 0.612872
iter 10 currentLoss 0.676926
iter 11 currentLoss 0.711003
iter 12 currentLoss 0.713687
iter 13 currentLoss 0.687837
iter 14 currentLoss 0.63936
iter 15 currentLoss 0.576641
iter 16 currentLoss 0.510246
iter 17 currentLoss 0.452414
iter 18 currentLoss 0.41497
iter 19 currentLoss 0.404384
iter 20 currentLoss 0.417333
iter 21 currentLoss 0.44322
iter 22 currentLoss 0.470898
iter 23 currentLoss 0.492495
iter 24 currentLoss 0.503843
iter 25 currentLoss 0.503767
iter 26 currentLoss 0.493343
iter 27 currentLoss 0.475299
iter 28 currentLoss 0.453484
iter 29 currentLoss 0.432248
iter 30 currentLoss 0.415629
iter 31 currentLoss 0.406372
iter 32 currentLoss 0.405158
iter 33 currentLoss 0.41057
iter 34 currentLoss 0.419858
iter 35 currentLoss 0.430009
iter 36 currentLoss 0.438539
iter 37 currentLoss 0.443862
iter 38 currentLoss 0.44534
iter 39 currentLoss 0.443156
iter 40 currentLoss 0.4381
iter 41 currentLoss 0.431324
iter 42 currentLoss 0.424085
iter 43 currentLoss 0.417493
iter 44 currentLoss 0.412317
iter 45 currentLoss 0.408888
iter 46 currentLoss 0.407114
iter 47 currentLoss 0.406599
iter 48 currentLoss 0.406818
iter 49 currentLoss 0.407278
ori_rot
0.106226 0.876363 0.469792 
0.702982 0.267954 -0.6588 
-0.703231 0.400237 -0.587603 
our rotation matrix
0.134793 0.802547 0.961064 
1.04809 -0.159189 -0.710606 
-1.13551 0.0186532 -0.5861 
total keyframes=1, already chosen _local_frames=1, want to select 15
#_local_frames=2
0001 0002 
OptimizerGPU begin, global_corres#=861
global_corres=861
maxNumResiduals / maxNumberOfImages = 5661 / 2 = 2830
m_maxNumberOfImages*m_maxCorrPerImage = 2 x 861 = 1722
m_solver->solve Time difference = 6.542[ms]
rot after optim
0.104501 0.876877 0.469219 -0.627672 
0.703525 0.268298 -0.658079 0.417535 
-0.702945 0.398877 -0.588868 0.60364 
0 0 0 1 
rot after optim
0.106174 0.876608 0.469346 -0.628066 
0.70309 0.267588 -0.658833 0.418554 
-0.703129 0.399944 -0.587924 0.602655 
0 0 0 1 
---- After everything - GPU Memory Usage: 2487.19 MB
----- Before data_loader - GPU Memory Usage: 2487.19 MB
color file: /home/kausik/Documents/BundleTrack2.0/Data/old_dataset/rgb/0003.png
---- After data_loader - GPU Memory Usage: 2497.19 MB


New frame 0003
zmq start waiting for reply
zmq got reply
finding corres between 0003(id=2) and 0002(id=1)
start multi pair ransac GPU, pairs#=1
validRows 844
iter 0 currentLoss 1.2416
iter 1 currentLoss 1.11939
iter 2 currentLoss 0.957502
iter 3 currentLoss 0.775322
iter 4 currentLoss 0.598288
iter 5 currentLoss 0.463468
iter 6 currentLoss 0.4164
iter 7 currentLoss 0.46269
iter 8 currentLoss 0.55152
iter 9 currentLoss 0.638268
iter 10 currentLoss 0.701671
iter 11 currentLoss 0.733736
iter 12 currentLoss 0.733401
iter 13 currentLoss 0.703887
iter 14 currentLoss 0.651541
iter 15 currentLoss 0.585313
iter 16 currentLoss 0.516522
iter 17 currentLoss 0.45829
iter 18 currentLoss 0.42306
iter 19 currentLoss 0.416849
iter 20 currentLoss 0.434851
iter 21 currentLoss 0.465185
iter 22 currentLoss 0.496214
iter 23 currentLoss 0.520048
iter 24 currentLoss 0.532645
iter 25 currentLoss 0.532964
iter 26 currentLoss 0.522177
iter 27 currentLoss 0.503058
iter 28 currentLoss 0.479436
iter 29 currentLoss 0.455601
iter 30 currentLoss 0.435552
iter 31 currentLoss 0.422119
iter 32 currentLoss 0.416253
iter 33 currentLoss 0.416915
iter 34 currentLoss 0.421714
iter 35 currentLoss 0.427889
iter 36 currentLoss 0.43312
iter 37 currentLoss 0.435949
iter 38 currentLoss 0.435866
iter 39 currentLoss 0.433183
iter 40 currentLoss 0.428803
iter 41 currentLoss 0.423933
iter 42 currentLoss 0.419773
iter 43 currentLoss 0.417236
iter 44 currentLoss 0.416757
iter 45 currentLoss 0.418244
iter 46 currentLoss 0.421174
iter 47 currentLoss 0.424784
iter 48 currentLoss 0.428282
iter 49 currentLoss 0.43102
ori_rot
0.103119 0.87575 0.471623 
0.708372 0.268199 -0.6529 
-0.698266 0.401411 -0.592701 
our rotation matrix
0.107836 0.749642 0.906692 
1.00323 -0.129448 -0.673213 
-1.03854 0.114038 -0.634136 
total keyframes=1, already chosen _local_frames=1, want to select 15
#_local_frames=2
0001 0003 
finding corres between 0003(id=2) and 0001(id=0)
start multi pair ransac GPU, pairs#=1
OptimizerGPU begin, global_corres#=869
global_corres=869
maxNumResiduals / maxNumberOfImages = 5669 / 2 = 2834
m_maxNumberOfImages*m_maxCorrPerImage = 2 x 869 = 1738
m_solver->solve Time difference = 6.134[ms]
rot after optim
0.104501 0.876877 0.469219 -0.627672 
0.703525 0.268298 -0.658079 0.417535 
-0.702945 0.398877 -0.588868 0.603639 
0 0 0 1 
rot after optim
0.104122 0.876256 0.470462 -0.628578 
0.704162 0.269107 -0.657068 0.416287 
-0.702364 0.399696 -0.589006 0.603501 
0 0 0 1 
---- After everything - GPU Memory Usage: 2497.19 MB
----- Before data_loader - GPU Memory Usage: 2497.19 MB
color file: /home/kausik/Documents/BundleTrack2.0/Data/old_dataset/rgb/0004.png
---- After data_loader - GPU Memory Usage: 2507.19 MB


New frame 0004
zmq start waiting for reply
zmq got reply
finding corres between 0004(id=3) and 0003(id=2)
start multi pair ransac GPU, pairs#=1
validRows 852
iter 0 currentLoss 1.23474
iter 1 currentLoss 1.11489
iter 2 currentLoss 0.955991
iter 3 currentLoss 0.776771
iter 4 currentLoss 0.6015
iter 5 currentLoss 0.465
iter 6 currentLoss 0.410936
iter 7 currentLoss 0.448786
iter 8 currentLoss 0.531824
iter 9 currentLoss 0.615261
iter 10 currentLoss 0.677089
iter 11 currentLoss 0.708916
iter 12 currentLoss 0.709448
iter 13 currentLoss 0.681727
iter 14 currentLoss 0.631928
iter 15 currentLoss 0.568815
iter 16 currentLoss 0.503481
iter 17 currentLoss 0.44871
iter 18 currentLoss 0.416392
iter 19 currentLoss 0.411941
iter 20 currentLoss 0.430386
iter 21 currentLoss 0.460246
iter 22 currentLoss 0.490414
iter 23 currentLoss 0.513376
iter 24 currentLoss 0.525282
iter 25 currentLoss 0.525167
iter 26 currentLoss 0.514209
iter 27 currentLoss 0.495145
iter 28 currentLoss 0.471752
iter 29 currentLoss 0.448265
iter 30 currentLoss 0.428638
iter 31 currentLoss 0.415668
iter 32 currentLoss 0.410285
iter 33 currentLoss 0.411438
iter 34 currentLoss 0.41673
iter 35 currentLoss 0.423389
iter 36 currentLoss 0.42908
iter 37 currentLoss 0.432315
iter 38 currentLoss 0.43253
iter 39 currentLoss 0.429975
iter 40 currentLoss 0.425485
iter 41 currentLoss 0.420212
iter 42 currentLoss 0.415329
iter 43 currentLoss 0.411771
iter 44 currentLoss 0.410038
iter 45 currentLoss 0.410142
iter 46 currentLoss 0.411675
iter 47 currentLoss 0.413981
iter 48 currentLoss 0.416353
iter 49 currentLoss 0.418202
ori_rot
0.104076 0.875607 0.471678 
0.706906 0.268478 -0.654372 
-0.699608 0.401537 -0.59103 
our rotation matrix
0.0889628 0.762866 0.899748 
1.02457 -0.13088 -0.682247 
-1.07739 0.0919513 -0.59979 
total keyframes=1, already chosen _local_frames=1, want to select 15
#_local_frames=2
0001 0004 
finding corres between 0004(id=3) and 0001(id=0)
start multi pair ransac GPU, pairs#=1
OptimizerGPU begin, global_corres#=859
global_corres=859
maxNumResiduals / maxNumberOfImages = 5659 / 2 = 2829
m_maxNumberOfImages*m_maxCorrPerImage = 2 x 859 = 1718
m_solver->solve Time difference = 6.184[ms]
rot after optim
0.104501 0.876877 0.469219 -0.627673 
0.703525 0.268298 -0.658079 0.417535 
-0.702945 0.398877 -0.588868 0.603639 
0 0 0 1 
rot after optim
0.105914 0.875226 0.471975 -0.630106 
0.704251 0.269064 -0.656989 0.416249 
-0.702006 0.401974 -0.587882 0.601922 
0 0 0 1 
---- After everything - GPU Memory Usage: 2507.19 MB
----- Before data_loader - GPU Memory Usage: 2507.19 MB
color file: /home/kausik/Documents/BundleTrack2.0/Data/old_dataset/rgb/0005.png
---- After data_loader - GPU Memory Usage: 2517.19 MB


New frame 0005
zmq start waiting for reply
zmq got reply
finding corres between 0005(id=4) and 0004(id=3)
start multi pair ransac GPU, pairs#=1
validRows 836
iter 0 currentLoss 1.2348
iter 1 currentLoss 1.11483
iter 2 currentLoss 0.955573
iter 3 currentLoss 0.775557
iter 4 currentLoss 0.598757
iter 5 currentLoss 0.459872
iter 6 currentLoss 0.403757
iter 7 currentLoss 0.441795
iter 8 currentLoss 0.526525
iter 9 currentLoss 0.612047
iter 10 currentLoss 0.676034
iter 11 currentLoss 0.709992
iter 12 currentLoss 0.712522
iter 13 currentLoss 0.686502
iter 14 currentLoss 0.637865
iter 15 currentLoss 0.575023
iter 16 currentLoss 0.50859
iter 17 currentLoss 0.450863
iter 18 currentLoss 0.413713
iter 19 currentLoss 0.403572
iter 20 currentLoss 0.416981
iter 21 currentLoss 0.443226
iter 22 currentLoss 0.471126
iter 23 currentLoss 0.492824
iter 24 currentLoss 0.504178
iter 25 currentLoss 0.50404
iter 26 currentLoss 0.493504
iter 27 currentLoss 0.475312
iter 28 currentLoss 0.453321
iter 29 currentLoss 0.431893
iter 30 currentLoss 0.415075
iter 31 currentLoss 0.405624
iter 32 currentLoss 0.404229
iter 33 currentLoss 0.409477
iter 34 currentLoss 0.418619
iter 35 currentLoss 0.428638
iter 36 currentLoss 0.437049
iter 37 currentLoss 0.442271
iter 38 currentLoss 0.443671
iter 39 currentLoss 0.441439
iter 40 currentLoss 0.436372
iter 41 currentLoss 0.42963
iter 42 currentLoss 0.422467
iter 43 currentLoss 0.415991
iter 44 currentLoss 0.410959
iter 45 currentLoss 0.407686
iter 46 currentLoss 0.406064
iter 47 currentLoss 0.405681
iter 48 currentLoss 0.406
iter 49 currentLoss 0.406524
ori_rot
0.10717 0.876877 0.468616 
0.699768 0.268298 -0.662073 
-0.706285 0.398877 -0.584857 
our rotation matrix
0.135444 0.797074 0.960944 
1.04993 -0.156677 -0.71324 
-1.13182 0.0225174 -0.585098 
total keyframes=1, already chosen _local_frames=1, want to select 15
#_local_frames=2
0001 0005 
finding corres between 0005(id=4) and 0001(id=0)
start multi pair ransac GPU, pairs#=1
OptimizerGPU begin, global_corres#=874
global_corres=874
maxNumResiduals / maxNumberOfImages = 5674 / 2 = 2837
m_maxNumberOfImages*m_maxCorrPerImage = 2 x 874 = 1748
m_solver->solve Time difference = 6.046[ms]
rot after optim
0.104501 0.876877 0.469219 -0.627672 
0.703525 0.268298 -0.658079 0.417535 
-0.702945 0.398877 -0.588868 0.603639 
0 0 0 1 
rot after optim
0.104881 0.877252 0.468433 -0.627092 
0.704891 0.266693 -0.65727 0.416888 
-0.701519 0.399129 -0.590395 0.604754 
0 0 0 1 
---- After everything - GPU Memory Usage: 2517.19 MB
----- Before data_loader - GPU Memory Usage: 2517.19 MB
color file: /home/kausik/Documents/BundleTrack2.0/Data/old_dataset/rgb/0006.png
---- After data_loader - GPU Memory Usage: 2527.19 MB


New frame 0006
zmq start waiting for reply
zmq got reply
finding corres between 0006(id=5) and 0005(id=4)
start multi pair ransac GPU, pairs#=1
validRows 850
iter 0 currentLoss 1.22906
iter 1 currentLoss 1.10655
iter 2 currentLoss 0.944072
iter 3 currentLoss 0.760835
iter 4 currentLoss 0.582153
iter 5 currentLoss 0.445749
iter 6 currentLoss 0.399828
iter 7 currentLoss 0.450318
iter 8 currentLoss 0.542951
iter 9 currentLoss 0.632173
iter 10 currentLoss 0.697095
iter 11 currentLoss 0.73005
iter 12 currentLoss 0.730112
iter 13 currentLoss 0.700513
iter 14 currentLoss 0.647518
iter 15 currentLoss 0.579923
iter 16 currentLoss 0.508876
iter 17 currentLoss 0.447503
iter 18 currentLoss 0.408757
iter 19 currentLoss 0.399682
iter 20 currentLoss 0.416115
iter 21 currentLoss 0.445957
iter 22 currentLoss 0.477054
iter 23 currentLoss 0.50116
iter 24 currentLoss 0.51405
iter 25 currentLoss 0.514601
iter 26 currentLoss 0.503958
iter 27 currentLoss 0.484902
iter 28 currentLoss 0.46131
iter 29 currentLoss 0.437564
iter 30 currentLoss 0.417782
iter 31 currentLoss 0.404893
iter 32 currentLoss 0.399856
iter 33 currentLoss 0.401537
iter 34 currentLoss 0.40739
iter 35 currentLoss 0.414505
iter 36 currentLoss 0.420463
iter 37 currentLoss 0.42375
iter 38 currentLoss 0.423832
iter 39 currentLoss 0.421023
iter 40 currentLoss 0.416253
iter 41 currentLoss 0.410777
iter 42 currentLoss 0.405867
iter 43 currentLoss 0.402523
iter 44 currentLoss 0.401268
iter 45 currentLoss 0.40208
iter 46 currentLoss 0.404479
iter 47 currentLoss 0.407713
iter 48 currentLoss 0.410983
iter 49 currentLoss 0.413622
ori_rot
0.10737 0.876886 0.468554 
0.701749 0.267004 -0.660498 
-0.704287 0.399725 -0.586685 
our rotation matrix
0.0970847 0.754353 0.91626 
0.997194 -0.0776333 -0.73127 
-1.069 0.0624066 -0.559238 
total keyframes=1, already chosen _local_frames=1, want to select 15
#_local_frames=2
0001 0006 
finding corres between 0006(id=5) and 0001(id=0)
start multi pair ransac GPU, pairs#=1
OptimizerGPU begin, global_corres#=866
global_corres=866
maxNumResiduals / maxNumberOfImages = 5666 / 2 = 2833
m_maxNumberOfImages*m_maxCorrPerImage = 2 x 866 = 1732
m_solver->solve Time difference = 6.08[ms]
rot after optim
0.104501 0.876877 0.469219 -0.627672 
0.703525 0.268298 -0.658079 0.417535 
-0.702945 0.398877 -0.588868 0.603639 
0 0 0 1 
rot after optim
0.105796 0.877876 0.467056 -0.626011 
0.703211 0.266037 -0.659331 0.419276 
-0.703065 0.398194 -0.589186 0.604141 
0 0 0 1 
---- After everything - GPU Memory Usage: 2529.19 MB
----- Before data_loader - GPU Memory Usage: 2529.19 MB
color file: /home/kausik/Documents/BundleTrack2.0/Data/old_dataset/rgb/0007.png
---- After data_loader - GPU Memory Usage: 2539.19 MB


New frame 0007
zmq start waiting for reply
zmq got reply
finding corres between 0007(id=6) and 0006(id=5)
start multi pair ransac GPU, pairs#=1
validRows 840
iter 0 currentLoss 1.23862
iter 1 currentLoss 1.11724
iter 2 currentLoss 0.956535
iter 3 currentLoss 0.775845
iter 4 currentLoss 0.60054
iter 5 currentLoss 0.467319
iter 6 currentLoss 0.420584
iter 7 currentLoss 0.465597
iter 8 currentLoss 0.552919
iter 9 currentLoss 0.638606
iter 10 currentLoss 0.701438
iter 11 currentLoss 0.733366
iter 12 currentLoss 0.733271
iter 13 currentLoss 0.704328
iter 14 currentLoss 0.65283
iter 15 currentLoss 0.587652
iter 16 currentLoss 0.519966
iter 17 currentLoss 0.462624
iter 18 currentLoss 0.427678
iter 19 currentLoss 0.420907
iter 20 currentLoss 0.437718
iter 21 currentLoss 0.46668
iter 22 currentLoss 0.496466
iter 23 currentLoss 0.519321
iter 24 currentLoss 0.531244
iter 25 currentLoss 0.531203
iter 26 currentLoss 0.520381
iter 27 currentLoss 0.501557
iter 28 currentLoss 0.478561
iter 29 currentLoss 0.45566
iter 30 currentLoss 0.436792
iter 31 currentLoss 0.424668
iter 32 currentLoss 0.42009
iter 33 currentLoss 0.421893
iter 34 currentLoss 0.427616
iter 35 currentLoss 0.434484
iter 36 currentLoss 0.440194
iter 37 currentLoss 0.443309
iter 38 currentLoss 0.443325
iter 39 currentLoss 0.440548
iter 40 currentLoss 0.43587
iter 41 currentLoss 0.430485
iter 42 currentLoss 0.425597
iter 43 currentLoss 0.422146
iter 44 currentLoss 0.420621
iter 45 currentLoss 0.421007
iter 46 currentLoss 0.422861
iter 47 currentLoss 0.425493
iter 48 currentLoss 0.42817
iter 49 currentLoss 0.430281
ori_rot
0.102958 0.877432 0.468522 
0.706286 0.26718 -0.655572 
-0.7004 0.398407 -0.592209 
our rotation matrix
0.114664 0.769746 0.932532 
1.00593 -0.13057 -0.658549 
-1.04403 0.09382 -0.637027 
total keyframes=1, already chosen _local_frames=1, want to select 15
#_local_frames=2
0001 0007 
finding corres between 0007(id=6) and 0001(id=0)
start multi pair ransac GPU, pairs#=1
OptimizerGPU begin, global_corres#=865
global_corres=865
maxNumResiduals / maxNumberOfImages = 5665 / 2 = 2832
m_maxNumberOfImages*m_maxCorrPerImage = 2 x 865 = 1730
m_solver->solve Time difference = 6.064[ms]
rot after optim
0.104501 0.876877 0.469219 -0.627673 
0.703525 0.268298 -0.658079 0.417535 
-0.702945 0.398877 -0.588868 0.603638 
0 0 0 1 
rot after optim
0.104051 0.876231 0.470525 -0.628626 
0.70474 0.26887 -0.656545 0.415875 
-0.701794 0.399912 -0.589538 0.603958 
0 0 0 1 
---- After everything - GPU Memory Usage: 2533.19 MB
----- Before data_loader - GPU Memory Usage: 2533.19 MB
color file: /home/kausik/Documents/BundleTrack2.0/Data/old_dataset/rgb/0008.png
---- After data_loader - GPU Memory Usage: 2541.19 MB


New frame 0008
zmq start waiting for reply
zmq got reply
finding corres between 0008(id=7) and 0007(id=6)
start multi pair ransac GPU, pairs#=1
validRows 837
iter 0 currentLoss 1.23382
iter 1 currentLoss 1.11404
iter 2 currentLoss 0.9552
iter 3 currentLoss 0.776
iter 4 currentLoss 0.600651
iter 5 currentLoss 0.463922
iter 6 currentLoss 0.409572
iter 7 currentLoss 0.447312
iter 8 currentLoss 0.530375
iter 9 currentLoss 0.613865
iter 10 currentLoss 0.67575
iter 11 currentLoss 0.707638
iter 12 currentLoss 0.70823
iter 13 currentLoss 0.680562
iter 14 currentLoss 0.630795
iter 15 currentLoss 0.567684
iter 16 currentLoss 0.50231
iter 17 currentLoss 0.447468
iter 18 currentLoss 0.41509
iter 19 currentLoss 0.410637
iter 20 currentLoss 0.429152
iter 21 currentLoss 0.459124
iter 22 currentLoss 0.489419
iter 23 currentLoss 0.512504
iter 24 currentLoss 0.524522
iter 25 currentLoss 0.524497
iter 26 currentLoss 0.513598
iter 27 currentLoss 0.49455
iter 28 currentLoss 0.471122
iter 29 currentLoss 0.447544
iter 30 currentLoss 0.427774
iter 31 currentLoss 0.41463
iter 32 currentLoss 0.409068
iter 33 currentLoss 0.410065
iter 34 currentLoss 0.415237
iter 35 currentLoss 0.421818
iter 36 currentLoss 0.427468
iter 37 currentLoss 0.430691
iter 38 currentLoss 0.430917
iter 39 currentLoss 0.428389
iter 40 currentLoss 0.423939
iter 41 currentLoss 0.418716
iter 42 currentLoss 0.413894
iter 43 currentLoss 0.410403
iter 44 currentLoss 0.408746
iter 45 currentLoss 0.408929
iter 46 currentLoss 0.410541
iter 47 currentLoss 0.412923
iter 48 currentLoss 0.415362
iter 49 currentLoss 0.417264
ori_rot
0.103994 0.876489 0.470056 
0.705434 0.268159 -0.656089 
-0.701105 0.399823 -0.590418 
our rotation matrix
0.0896299 0.771335 0.90976 
0.996768 -0.110079 -0.72205 
-1.05215 0.0724899 -0.576539 
total keyframes=1, already chosen _local_frames=1, want to select 15
#_local_frames=2
0001 0008 
finding corres between 0008(id=7) and 0001(id=0)
start multi pair ransac GPU, pairs#=1
OptimizerGPU begin, global_corres#=871
global_corres=871
maxNumResiduals / maxNumberOfImages = 5671 / 2 = 2835
m_maxNumberOfImages*m_maxCorrPerImage = 2 x 871 = 1742
m_solver->solve Time difference = 6.202[ms]
rot after optim
0.104501 0.876877 0.469219 -0.627673 
0.703525 0.268298 -0.658079 0.417535 
-0.702945 0.398877 -0.588868 0.603638 
0 0 0 1 
rot after optim
0.105316 0.876424 0.469882 -0.628366 
0.70383 0.26811 -0.65783 0.41732 
-0.702518 0.399997 -0.588618 0.603196 
0 0 0 1 
---- After everything - GPU Memory Usage: 2531.19 MB
----- Before data_loader - GPU Memory Usage: 2531.19 MB
color file: /home/kausik/Documents/BundleTrack2.0/Data/old_dataset/rgb/0009.png
---- After data_loader - GPU Memory Usage: 2541.19 MB


New frame 0009
zmq start waiting for reply
zmq got reply
finding corres between 0009(id=8) and 0008(id=7)
start multi pair ransac GPU, pairs#=1
validRows 848
iter 0 currentLoss 1.23493
iter 1 currentLoss 1.11505
iter 2 currentLoss 0.956112
iter 3 currentLoss 0.776827
iter 4 currentLoss 0.601457
iter 5 currentLoss 0.46482
iter 6 currentLoss 0.410627
iter 7 currentLoss 0.448445
iter 8 currentLoss 0.531518
iter 9 currentLoss 0.615001
iter 10 currentLoss 0.676868
iter 11 currentLoss 0.708722
iter 12 currentLoss 0.709268
iter 13 currentLoss 0.681547
iter 14 currentLoss 0.631733
iter 15 currentLoss 0.568593
iter 16 currentLoss 0.503226
iter 17 currentLoss 0.44843
iter 18 currentLoss 0.416121
iter 19 currentLoss 0.411726
iter 20 currentLoss 0.430265
iter 21 currentLoss 0.460232
iter 22 currentLoss 0.490505
iter 23 currentLoss 0.51356
iter 24 currentLoss 0.525543
iter 25 currentLoss 0.525485
iter 26 currentLoss 0.514558
iter 27 currentLoss 0.495495
iter 28 currentLoss 0.472068
iter 29 currentLoss 0.448509
iter 30 currentLoss 0.428774
iter 31 currentLoss 0.415671
iter 32 currentLoss 0.410146
iter 33 currentLoss 0.411169
iter 34 currentLoss 0.416352
iter 35 currentLoss 0.422933
iter 36 currentLoss 0.428575
iter 37 currentLoss 0.431784
iter 38 currentLoss 0.431997
iter 39 currentLoss 0.429459
iter 40 currentLoss 0.425004
iter 41 currentLoss 0.419783
iter 42 currentLoss 0.414968
iter 43 currentLoss 0.411488
iter 44 currentLoss 0.409842
iter 45 currentLoss 0.410035
iter 46 currentLoss 0.411654
iter 47 currentLoss 0.414038
iter 48 currentLoss 0.416476
iter 49 currentLoss 0.418374
ori_rot
0.104531 0.87642 0.470065 
0.703229 0.269083 -0.658076 
-0.703237 0.399352 -0.588196 
our rotation matrix
0.0911896 0.771834 0.90917 
0.995698 -0.111308 -0.723697 
-1.05329 0.0726353 -0.574964 
total keyframes=1, already chosen _local_frames=1, want to select 15
#_local_frames=2
0001 0009 
finding corres between 0009(id=8) and 0001(id=0)
start multi pair ransac GPU, pairs#=1
OptimizerGPU begin, global_corres#=868
global_corres=868
maxNumResiduals / maxNumberOfImages = 5668 / 2 = 2834
m_maxNumberOfImages*m_maxCorrPerImage = 2 x 868 = 1736
m_solver->solve Time difference = 6.031[ms]
rot after optim
0.104501 0.876877 0.469219 -0.627673 
0.703525 0.268298 -0.658079 0.417535 
-0.702945 0.398877 -0.588868 0.603638 
0 0 0 1 
rot after optim
0.104395 0.876597 0.469765 -0.628171 
0.703546 0.268762 -0.657868 0.417291 
-0.70294 0.399179 -0.588669 0.603495 
0 0 0 1 
---- After everything - GPU Memory Usage: 2533.19 MB
----- Before data_loader - GPU Memory Usage: 2533.19 MB
color file: /home/kausik/Documents/BundleTrack2.0/Data/old_dataset/rgb/0010.png
---- After data_loader - GPU Memory Usage: 2541.19 MB


New frame 0010
zmq start waiting for reply
zmq got reply
finding corres between 0010(id=9) and 0009(id=8)
start multi pair ransac GPU, pairs#=1
validRows 848
iter 0 currentLoss 1.23411
iter 1 currentLoss 1.11436
iter 2 currentLoss 0.95557
iter 3 currentLoss 0.776467
iter 4 currentLoss 0.601295
iter 5 currentLoss 0.464853
iter 6 currentLoss 0.410791
iter 7 currentLoss 0.448624
iter 8 currentLoss 0.531673
iter 9 currentLoss 0.615158
iter 10 currentLoss 0.677068
iter 11 currentLoss 0.709003
iter 12 currentLoss 0.709656
iter 13 currentLoss 0.682052
iter 14 currentLoss 0.632347
iter 15 currentLoss 0.56928
iter 16 currentLoss 0.503916
iter 17 currentLoss 0.449017
iter 18 currentLoss 0.416484
iter 19 currentLoss 0.411797
iter 20 currentLoss 0.43007
iter 21 currentLoss 0.459861
iter 22 currentLoss 0.490051
iter 23 currentLoss 0.513099
iter 24 currentLoss 0.525129
iter 25 currentLoss 0.525153
iter 26 currentLoss 0.514327
iter 27 currentLoss 0.49537
iter 28 currentLoss 0.472042
iter 29 currentLoss 0.448564
iter 30 currentLoss 0.428889
iter 31 currentLoss 0.415823
iter 32 currentLoss 0.410321
iter 33 currentLoss 0.41136
iter 34 currentLoss 0.416562
iter 35 currentLoss 0.423169
iter 36 currentLoss 0.428844
iter 37 currentLoss 0.43209
iter 38 currentLoss 0.432335
iter 39 currentLoss 0.429819
iter 40 currentLoss 0.425371
iter 41 currentLoss 0.420137
iter 42 currentLoss 0.415288
iter 43 currentLoss 0.411759
iter 44 currentLoss 0.410053
iter 45 currentLoss 0.410186
iter 46 currentLoss 0.411753
iter 47 currentLoss 0.414097
iter 48 currentLoss 0.416511
iter 49 currentLoss 0.4184
ori_rot
0.108504 0.874361 0.47299 
0.701906 0.269547 -0.659297 
-0.703957 0.403531 -0.584472 
our rotation matrix
0.0908336 0.771813 0.90965 
0.996152 -0.110404 -0.723957 
-1.05362 0.0713217 -0.574902 
total keyframes=1, already chosen _local_frames=1, want to select 15
#_local_frames=2
0001 0010 
finding corres between 0010(id=9) and 0001(id=0)
start multi pair ransac GPU, pairs#=1
OptimizerGPU begin, global_corres#=869
global_corres=869
maxNumResiduals / maxNumberOfImages = 5669 / 2 = 2834
m_maxNumberOfImages*m_maxCorrPerImage = 2 x 869 = 1738
m_solver->solve Time difference = 6.023[ms]
rot after optim
0.104501 0.876877 0.469219 -0.627673 
0.703525 0.268298 -0.658079 0.417535 
-0.702945 0.398877 -0.588868 0.603638 
0 0 0 1 
rot after optim
0.10703 0.874558 0.472961 -0.631156 
0.703223 0.269694 -0.657831 0.417139 
-0.702866 0.403005 -0.586144 0.60032 
0 0 0 1 
---- After everything - GPU Memory Usage: 2531.19 MB
----- Before data_loader - GPU Memory Usage: 2531.19 MB
color file: /home/kausik/Documents/BundleTrack2.0/Data/old_dataset/rgb/0011.png
---- After data_loader - GPU Memory Usage: 2541.19 MB


New frame 0011
zmq start waiting for reply
zmq got reply
finding corres between 0011(id=10) and 0010(id=9)
start multi pair ransac GPU, pairs#=1
validRows 850
iter 0 currentLoss 1.23789
iter 1 currentLoss 1.11643
iter 2 currentLoss 0.955614
iter 3 currentLoss 0.774789
iter 4 currentLoss 0.59937
iter 5 currentLoss 0.466211
iter 6 currentLoss 0.419958
iter 7 currentLoss 0.465707
iter 8 currentLoss 0.553647
iter 9 currentLoss 0.639794
iter 10 currentLoss 0.702978
iter 11 currentLoss 0.735175
iter 12 currentLoss 0.735272
iter 13 currentLoss 0.70643
iter 14 currentLoss 0.654918
iter 15 currentLoss 0.589567
iter 16 currentLoss 0.521498
iter 17 currentLoss 0.463519
iter 18 currentLoss 0.42772
iter 19 currentLoss 0.420068
iter 20 currentLoss 0.436192
iter 21 currentLoss 0.464739
iter 22 currentLoss 0.494332
iter 23 currentLoss 0.51714
iter 24 currentLoss 0.529103
iter 25 currentLoss 0.529152
iter 26 currentLoss 0.518448
iter 27 currentLoss 0.49976
iter 28 currentLoss 0.476918
iter 29 currentLoss 0.454201
iter 30 currentLoss 0.435553
iter 31 currentLoss 0.423688
iter 32 currentLoss 0.4194
iter 33 currentLoss 0.421501
iter 34 currentLoss 0.427507
iter 35 currentLoss 0.434623
iter 36 currentLoss 0.44053
iter 37 currentLoss 0.443777
iter 38 currentLoss 0.443853
iter 39 currentLoss 0.441057
iter 40 currentLoss 0.436279
iter 41 currentLoss 0.430717
iter 42 currentLoss 0.425589
iter 43 currentLoss 0.421854
iter 44 currentLoss 0.420031
iter 45 currentLoss 0.42013
iter 46 currentLoss 0.421732
iter 47 currentLoss 0.424162
iter 48 currentLoss 0.426691
iter 49 currentLoss 0.42871
ori_rot
0.10463 0.876017 0.470795 
0.706269 0.267834 -0.655324 
-0.700169 0.401074 -0.590679 
our rotation matrix
0.111672 0.763865 0.937364 
1.01016 -0.129588 -0.662703 
-1.04654 0.0961055 -0.635079 
total keyframes=1, already chosen _local_frames=1, want to select 15
#_local_frames=2
0001 0011 
finding corres between 0011(id=10) and 0001(id=0)
start multi pair ransac GPU, pairs#=1
OptimizerGPU begin, global_corres#=865
global_corres=865
maxNumResiduals / maxNumberOfImages = 5665 / 2 = 2832
m_maxNumberOfImages*m_maxCorrPerImage = 2 x 865 = 1730
m_solver->solve Time difference = 6.193[ms]
rot after optim
0.104501 0.876877 0.469219 -0.627673 
0.703525 0.268298 -0.658079 0.417535 
-0.702945 0.398877 -0.588868 0.603638 
0 0 0 1 
rot after optim
0.104967 0.876403 0.47 -0.628274 
0.70405 0.268293 -0.65752 0.416928 
-0.70235 0.399921 -0.588869 0.603292 
0 0 0 1 
---- After everything - GPU Memory Usage: 2533.19 MB
----- Before data_loader - GPU Memory Usage: 2533.19 MB
color file: /home/kausik/Documents/BundleTrack2.0/Data/old_dataset/rgb/0012.png
---- After data_loader - GPU Memory Usage: 2541.19 MB


New frame 0012
zmq start waiting for reply
zmq got reply
finding corres between 0012(id=11) and 0011(id=10)
start multi pair ransac GPU, pairs#=1
validRows 850
iter 0 currentLoss 1.23758
iter 1 currentLoss 1.11615
iter 2 currentLoss 0.95538
iter 3 currentLoss 0.774628
iter 4 currentLoss 0.599321
iter 5 currentLoss 0.46632
iter 6 currentLoss 0.420216
iter 7 currentLoss 0.466005
iter 8 currentLoss 0.553903
iter 9 currentLoss 0.639984
iter 10 currentLoss 0.703101
iter 11 currentLoss 0.735239
iter 12 currentLoss 0.735289
iter 13 currentLoss 0.706415
iter 14 currentLoss 0.654894
iter 15 currentLoss 0.589561
iter 16 currentLoss 0.521539
iter 17 currentLoss 0.463638
iter 18 currentLoss 0.427929
iter 19 currentLoss 0.420349
iter 20 currentLoss 0.436504
iter 21 currentLoss 0.465042
iter 22 currentLoss 0.494604
iter 23 currentLoss 0.517371
iter 24 currentLoss 0.529291
iter 25 currentLoss 0.529305
iter 26 currentLoss 0.518577
iter 27 currentLoss 0.499882
iter 28 currentLoss 0.477052
iter 29 currentLoss 0.454362
iter 30 currentLoss 0.435754
iter 31 currentLoss 0.423933
iter 32 currentLoss 0.419683
iter 33 currentLoss 0.42181
iter 34 currentLoss 0.427826
iter 35 currentLoss 0.434939
iter 36 currentLoss 0.440835
iter 37 currentLoss 0.444069
iter 38 currentLoss 0.444131
iter 39 currentLoss 0.441326
iter 40 currentLoss 0.436544
iter 41 currentLoss 0.430986
iter 42 currentLoss 0.425866
iter 43 currentLoss 0.422143
iter 44 currentLoss 0.420331
iter 45 currentLoss 0.420439
iter 46 currentLoss 0.422046
iter 47 currentLoss 0.424476
iter 48 currentLoss 0.427002
iter 49 currentLoss 0.429016
ori_rot
0.105579 0.875782 0.471018 
0.704112 0.268637 -0.657313 
-0.702196 0.401048 -0.588286 
our rotation matrix
0.108911 0.767209 0.934774 
1.01121 -0.130231 -0.660306 
-1.04513 0.0925108 -0.63757 
total keyframes=1, already chosen _local_frames=1, want to select 15
#_local_frames=2
0001 0012 
finding corres between 0012(id=11) and 0001(id=0)
start multi pair ransac GPU, pairs#=1
OptimizerGPU begin, global_corres#=868
global_corres=868
maxNumResiduals / maxNumberOfImages = 5668 / 2 = 2834
m_maxNumberOfImages*m_maxCorrPerImage = 2 x 868 = 1736
m_solver->solve Time difference = 6.162[ms]
rot after optim
0.104501 0.876877 0.469219 -0.627673 
0.703525 0.268298 -0.658079 0.417535 
-0.702945 0.398877 -0.588868 0.603637 
0 0 0 1 
rot after optim
0.10658 0.876707 0.469069 -0.6279 
0.70224 0.267609 -0.659731 0.419485 
-0.703918 0.399713 -0.587137 0.602105 
0 0 0 1 
---- After everything - GPU Memory Usage: 2533.19 MB
----- Before data_loader - GPU Memory Usage: 2533.19 MB
color file: /home/kausik/Documents/BundleTrack2.0/Data/old_dataset/rgb/0013.png
---- After data_loader - GPU Memory Usage: 2541.19 MB


New frame 0013
zmq start waiting for reply
zmq got reply
finding corres between 0013(id=12) and 0012(id=11)
start multi pair ransac GPU, pairs#=1
validRows 843
iter 0 currentLoss 1.23233
iter 1 currentLoss 1.10815
iter 2 currentLoss 0.943485
iter 3 currentLoss 0.757924
iter 4 currentLoss 0.577636
iter 5 currentLoss 0.442381
iter 6 currentLoss 0.40261
iter 7 currentLoss 0.461026
iter 8 currentLoss 0.559717
iter 9 currentLoss 0.653276
iter 10 currentLoss 0.721369
iter 11 currentLoss 0.756555
iter 12 currentLoss 0.757959
iter 13 currentLoss 0.728772
iter 14 currentLoss 0.675144
iter 15 currentLoss 0.605658
iter 16 currentLoss 0.53112
iter 17 currentLoss 0.464279
iter 18 currentLoss 0.418199
iter 19 currentLoss 0.4013
iter 20 currentLoss 0.411463
iter 21 currentLoss 0.437486
iter 22 currentLoss 0.466809
iter 23 currentLoss 0.490452
iter 24 currentLoss 0.503622
iter 25 currentLoss 0.504851
iter 26 currentLoss 0.495111
iter 27 currentLoss 0.477132
iter 28 currentLoss 0.454833
iter 29 currentLoss 0.432684
iter 30 currentLoss 0.414889
iter 31 currentLoss 0.404369
iter 32 currentLoss 0.401953
iter 33 currentLoss 0.406283
iter 34 currentLoss 0.41459
iter 35 currentLoss 0.423798
iter 36 currentLoss 0.431378
iter 37 currentLoss 0.435745
iter 38 currentLoss 0.436312
iter 39 currentLoss 0.433357
iter 40 currentLoss 0.427803
iter 41 currentLoss 0.420943
iter 42 currentLoss 0.414147
iter 43 currentLoss 0.408577
iter 44 currentLoss 0.404965
iter 45 currentLoss 0.403505
iter 46 currentLoss 0.403899
iter 47 currentLoss 0.405517
iter 48 currentLoss 0.407612
iter 49 currentLoss 0.409514
ori_rot
0.104342 0.877504 0.468082 
0.70573 0.266293 -0.656531 
-0.700755 0.398843 -0.591495 
our rotation matrix
0.145536 0.771512 0.969204 
0.983095 -0.157287 -0.69063 
-1.07117 0.111296 -0.608312 
total keyframes=1, already chosen _local_frames=1, want to select 15
#_local_frames=2
0001 0013 
finding corres between 0013(id=12) and 0001(id=0)
start multi pair ransac GPU, pairs#=1
OptimizerGPU begin, global_corres#=872
global_corres=872
maxNumResiduals / maxNumberOfImages = 5672 / 2 = 2836
m_maxNumberOfImages*m_maxCorrPerImage = 2 x 872 = 1744
m_solver->solve Time difference = 6.047[ms]
rot after optim
0.104501 0.876877 0.469219 -0.627673 
0.703525 0.268298 -0.658079 0.417535 
-0.702945 0.398877 -0.588868 0.603637 
0 0 0 1 
rot after optim
0.103972 0.877389 0.468379 -0.626871 
0.705112 0.267101 -0.656867 0.416424 
-0.701432 0.398556 -0.590887 0.605247 
0 0 0 1 
---- After everything - GPU Memory Usage: 2533.19 MB
----- Before data_loader - GPU Memory Usage: 2533.19 MB
color file: /home/kausik/Documents/BundleTrack2.0/Data/old_dataset/rgb/0014.png
---- After data_loader - GPU Memory Usage: 2541.19 MB


New frame 0014
zmq start waiting for reply
zmq got reply
finding corres between 0014(id=13) and 0013(id=12)
start multi pair ransac GPU, pairs#=1
validRows 848
iter 0 currentLoss 1.24112
iter 1 currentLoss 1.11462
iter 2 currentLoss 0.947246
iter 3 currentLoss 0.759574
iter 4 currentLoss 0.579555
iter 5 currentLoss 0.44989
iter 6 currentLoss 0.421025
iter 7 currentLoss 0.488339
iter 8 currentLoss 0.591731
iter 9 currentLoss 0.687529
iter 10 currentLoss 0.756292
iter 11 currentLoss 0.790905
iter 12 currentLoss 0.790692
iter 13 currentLoss 0.759041
iter 14 currentLoss 0.702349
iter 15 currentLoss 0.629502
iter 16 currentLoss 0.551686
iter 17 currentLoss 0.482102
iter 18 currentLoss 0.434292
iter 19 currentLoss 0.416969
iter 20 currentLoss 0.42789
iter 21 currentLoss 0.45539
iter 22 currentLoss 0.486432
iter 23 currentLoss 0.5117
iter 24 currentLoss 0.526207
iter 25 currentLoss 0.528385
iter 26 currentLoss 0.51915
iter 27 currentLoss 0.501192
iter 28 currentLoss 0.478372
iter 29 currentLoss 0.455093
iter 30 currentLoss 0.435507
iter 31 currentLoss 0.422586
iter 32 currentLoss 0.41735
iter 33 currentLoss 0.418735
iter 34 currentLoss 0.424254
iter 35 currentLoss 0.431029
iter 36 currentLoss 0.436642
iter 37 currentLoss 0.439581
iter 38 currentLoss 0.439328
iter 39 currentLoss 0.436241
iter 40 currentLoss 0.43132
iter 41 currentLoss 0.425904
iter 42 currentLoss 0.421344
iter 43 currentLoss 0.41869
iter 44 currentLoss 0.418465
iter 45 currentLoss 0.420591
iter 46 currentLoss 0.424491
iter 47 currentLoss 0.42929
iter 48 currentLoss 0.434065
iter 49 currentLoss 0.438034
ori_rot
0.104512 0.878242 0.466657 
0.703823 0.266201 -0.658613 
-0.702646 0.397277 -0.590305 
our rotation matrix
0.132471 0.730395 0.936449 
0.988104 -0.0816205 -0.734188 
-1.01531 0.106626 -0.578981 
total keyframes=1, already chosen _local_frames=1, want to select 15
#_local_frames=2
0001 0014 
finding corres between 0014(id=13) and 0001(id=0)
start multi pair ransac GPU, pairs#=1
OptimizerGPU begin, global_corres#=875
global_corres=875
maxNumResiduals / maxNumberOfImages = 5675 / 2 = 2837
m_maxNumberOfImages*m_maxCorrPerImage = 2 x 875 = 1750
m_solver->solve Time difference = 6.118[ms]
rot after optim
0.104501 0.876877 0.469219 -0.627673 
0.703525 0.268298 -0.658079 0.417535 
-0.702945 0.398877 -0.588868 0.603637 
0 0 0 1 
rot after optim
0.105636 0.877641 0.467534 -0.626357 
0.702422 0.266943 -0.659806 0.419664 
-0.703877 0.398106 -0.588276 0.603539 
0 0 0 1 
---- After everything - GPU Memory Usage: 2535.19 MB
----- Before data_loader - GPU Memory Usage: 2535.19 MB
color file: /home/kausik/Documents/BundleTrack2.0/Data/old_dataset/rgb/0015.png
---- After data_loader - GPU Memory Usage: 2543.19 MB


New frame 0015
zmq start waiting for reply
zmq got reply
finding corres between 0015(id=14) and 0014(id=13)
start multi pair ransac GPU, pairs#=1
validRows 841
iter 0 currentLoss 1.23437
iter 1 currentLoss 1.1082
iter 2 currentLoss 0.941402
iter 3 currentLoss 0.754718
iter 4 currentLoss 0.576455
iter 5 currentLoss 0.449808
iter 6 currentLoss 0.424443
iter 7 currentLoss 0.493546
iter 8 currentLoss 0.597216
iter 9 currentLoss 0.692717
iter 10 currentLoss 0.76102
iter 11 currentLoss 0.795174
iter 12 currentLoss 0.794581
iter 13 currentLoss 0.762682
iter 14 currentLoss 0.7059
iter 15 currentLoss 0.633123
iter 16 currentLoss 0.555475
iter 17 currentLoss 0.485991
iter 18 currentLoss 0.437916
iter 19 currentLoss 0.419708
iter 20 currentLoss 0.429202
iter 21 currentLoss 0.455064
iter 22 currentLoss 0.484523
iter 23 currentLoss 0.50839
iter 24 currentLoss 0.521749
iter 25 currentLoss 0.523097
iter 26 currentLoss 0.513427
iter 27 currentLoss 0.495516
iter 28 currentLoss 0.473307
iter 29 currentLoss 0.451243
iter 30 currentLoss 0.433424
iter 31 currentLoss 0.422634
iter 32 currentLoss 0.419598
iter 33 currentLoss 0.422959
iter 34 currentLoss 0.430036
iter 35 currentLoss 0.437886
iter 36 currentLoss 0.444115
iter 37 currentLoss 0.447272
iter 38 currentLoss 0.446898
iter 39 currentLoss 0.443402
iter 40 currentLoss 0.437813
iter 41 currentLoss 0.431498
iter 42 currentLoss 0.425837
iter 43 currentLoss 0.421917
iter 44 currentLoss 0.42032
iter 45 currentLoss 0.421039
iter 46 currentLoss 0.423568
iter 47 currentLoss 0.4271
iter 48 currentLoss 0.430765
iter 49 currentLoss 0.433821
ori_rot
0.105572 0.875969 0.470673 
0.704606 0.2681 -0.657003 
-0.701702 0.401 -0.588909 
our rotation matrix
0.156012 0.746222 0.953716 
0.957371 -0.0980926 -0.687536 
-1.03264 0.101748 -0.634481 
total keyframes=1, already chosen _local_frames=1, want to select 15
#_local_frames=2
0001 0015 
finding corres between 0015(id=14) and 0001(id=0)
start multi pair ransac GPU, pairs#=1
OptimizerGPU begin, global_corres#=864
global_corres=864
maxNumResiduals / maxNumberOfImages = 5664 / 2 = 2832
m_maxNumberOfImages*m_maxCorrPerImage = 2 x 864 = 1728
m_solver->solve Time difference = 5.996[ms]
rot after optim
0.104501 0.876877 0.469219 -0.627673 
0.703525 0.268298 -0.658079 0.417535 
-0.702945 0.398877 -0.588868 0.603637 
0 0 0 1 
rot after optim
0.106253 0.876608 0.469327 -0.628067 
0.703418 0.267339 -0.658584 0.4183 
-0.702789 0.40011 -0.588216 0.60289 
0 0 0 1 
---- After everything - GPU Memory Usage: 2533.19 MB
----- Before data_loader - GPU Memory Usage: 2533.19 MB
color file: /home/kausik/Documents/BundleTrack2.0/Data/old_dataset/rgb/0016.png
---- After data_loader - GPU Memory Usage: 2543.19 MB


New frame 0016
zmq start waiting for reply
zmq got reply
finding corres between 0016(id=15) and 0015(id=14)
start multi pair ransac GPU, pairs#=1
validRows 825
iter 0 currentLoss 1.23521
iter 1 currentLoss 1.11557
iter 2 currentLoss 0.956895
iter 3 currentLoss 0.777839
iter 4 currentLoss 0.602511
iter 5 currentLoss 0.465448
iter 6 currentLoss 0.410167
iter 7 currentLoss 0.44683
iter 8 currentLoss 0.529224
iter 9 currentLoss 0.612412
iter 10 currentLoss 0.67422
iter 11 currentLoss 0.706168
iter 12 currentLoss 0.706916
iter 13 currentLoss 0.679467
iter 14 currentLoss 0.629965
iter 15 currentLoss 0.567147
iter 16 currentLoss 0.502084
iter 17 currentLoss 0.447555
iter 18 currentLoss 0.41546
iter 19 currentLoss 0.411227
iter 20 currentLoss 0.429891
iter 21 currentLoss 0.459976
iter 22 currentLoss 0.49038
iter 23 currentLoss 0.513584
iter 24 currentLoss 0.525728
iter 25 currentLoss 0.525824
iter 26 currentLoss 0.515021
iter 27 currentLoss 0.496025
iter 28 currentLoss 0.472579
iter 29 currentLoss 0.448897
iter 30 currentLoss 0.428932
iter 31 currentLoss 0.415519
iter 32 currentLoss 0.409657
iter 33 currentLoss 0.41037
iter 34 currentLoss 0.415315
iter 35 currentLoss 0.421745
iter 36 currentLoss 0.42732
iter 37 currentLoss 0.430533
iter 38 currentLoss 0.4308
iter 39 currentLoss 0.428346
iter 40 currentLoss 0.423991
