---- Before everything - GPU Memory Usage: 2399.19 MB
cam K=
380.248       0 314.214
      0 379.827 240.598
      0       0       1
ob_in_cam0
 0.104501  0.703525 -0.702945  0.196172
 0.876877  0.268298  0.398877   0.19759
 0.469219 -0.658079 -0.588868  0.924751
        0         0         0         1

data has 449 images
Connected to port 5555
----- Before data_loader - GPU Memory Usage: 2399.19 MB
color file: /home/kausik/Documents/BundleTrack2.0/Data/old_dataset/rgb/0001.png
---- After data_loader - GPU Memory Usage: 2413.19 MB


New frame 0001
zmq start waiting for reply
zmq got reply
---- After everything - GPU Memory Usage: 2413.19 MB
----- Before data_loader - GPU Memory Usage: 2413.19 MB
color file: /home/kausik/Documents/BundleTrack2.0/Data/old_dataset/rgb/0002.png
---- After data_loader - GPU Memory Usage: 2423.19 MB


New frame 0002
zmq start waiting for reply
zmq got reply
finding corres between 0002(id=1) and 0001(id=0)
start multi pair ransac GPU, pairs#=1
Ininlier num: 861
validRows 854
iter 0 currentLoss 1.30011
iter 1 currentLoss 1.30011
ori_rot
0.106226 0.876363 0.469792 
0.702982 0.267954 -0.6588 
-0.703231 0.400237 -0.587603 
ori_euler: 2.54364 0.779931 1.42082
rotation_euler: 2.54622 0.77953 1.42334
our rotation matrix
0.104501 0.876877 0.469219 
0.703525 0.268298 -0.658079 
-0.702945 0.398877 -0.588868 
total keyframes=1, already chosen _local_frames=1, want to select 15
#_local_frames=2
0001 0002 
OptimizerGPU begin, global_corres#=861
global_corres=861
maxNumResiduals / maxNumberOfImages = 5661 / 2 = 2830
m_maxNumberOfImages*m_maxCorrPerImage = 2 x 861 = 1722
m_solver->solve Time difference = 6.642[ms]
---- After everything - GPU Memory Usage: 2487.19 MB
----- Before data_loader - GPU Memory Usage: 2487.19 MB
color file: /home/kausik/Documents/BundleTrack2.0/Data/old_dataset/rgb/0003.png
---- After data_loader - GPU Memory Usage: 2497.19 MB


New frame 0003
zmq start waiting for reply
zmq got reply
finding corres between 0003(id=2) and 0002(id=1)
start multi pair ransac GPU, pairs#=1
Ininlier num: 856
validRows 844
iter 0 currentLoss 1.30863
iter 1 currentLoss 1.30863
ori_rot
0.103011 0.875847 0.471467 
0.708699 0.267963 -0.652642 
-0.69795 0.401357 -0.593109 
ori_euler: 2.54668 0.77253 1.42646
rotation_euler: 2.54462 0.779349 1.42114
our rotation matrix
0.106065 0.876705 0.46919 
0.70342 0.267353 -0.658577 
-0.702817 0.399889 -0.588334 
total keyframes=1, already chosen _local_frames=1, want to select 15
#_local_frames=2
0001 0003 
finding corres between 0003(id=2) and 0001(id=0)
start multi pair ransac GPU, pairs#=1
OptimizerGPU begin, global_corres#=872
global_corres=872
maxNumResiduals / maxNumberOfImages = 5672 / 2 = 2836
m_maxNumberOfImages*m_maxCorrPerImage = 2 x 872 = 1744
m_solver->solve Time difference = 6.062[ms]
---- After everything - GPU Memory Usage: 2497.19 MB
----- Before data_loader - GPU Memory Usage: 2497.19 MB
color file: /home/kausik/Documents/BundleTrack2.0/Data/old_dataset/rgb/0004.png
---- After data_loader - GPU Memory Usage: 2507.19 MB


New frame 0004
zmq start waiting for reply
zmq got reply
finding corres between 0004(id=3) and 0003(id=2)
start multi pair ransac GPU, pairs#=1
Ininlier num: 872
validRows 852
iter 0 currentLoss 1.30043
iter 1 currentLoss 1.30043
ori_rot
0.104219 0.875711 0.471453 
0.706601 0.268395 -0.654736 
-0.699895 0.401365 -0.590807 
ori_euler: 2.54486 0.77525 1.42436
rotation_euler: 2.5454 0.779114 1.42373
our rotation matrix
0.104264 0.87636 0.470236 
0.703856 0.269023 -0.65743 
-0.702649 0.399525 -0.588782 
total keyframes=1, already chosen _local_frames=1, want to select 15
#_local_frames=2
0001 0004 
finding corres between 0004(id=3) and 0001(id=0)
start multi pair ransac GPU, pairs#=1
OptimizerGPU begin, global_corres#=860
global_corres=860
maxNumResiduals / maxNumberOfImages = 5660 / 2 = 2830
m_maxNumberOfImages*m_maxCorrPerImage = 2 x 860 = 1720
m_solver->solve Time difference = 6.019[ms]
---- After everything - GPU Memory Usage: 2507.19 MB
----- Before data_loader - GPU Memory Usage: 2507.19 MB
color file: /home/kausik/Documents/BundleTrack2.0/Data/old_dataset/rgb/0005.png
---- After data_loader - GPU Memory Usage: 2517.19 MB


New frame 0005
zmq start waiting for reply
zmq got reply
finding corres between 0005(id=4) and 0004(id=3)
start multi pair ransac GPU, pairs#=1
Ininlier num: 857
validRows 836
iter 0 currentLoss 1.30052
iter 1 currentLoss 1.30052
ori_rot
0.107359 0.87689 0.468549 
0.699258 0.268416 -0.662564 
-0.706761 0.398769 -0.584355 
ori_euler: 2.54277 0.78491 1.41845
rotation_euler: 2.54158 0.778884 1.42115
our rotation matrix
0.106104 0.875239 0.471909 
0.703745 0.269186 -0.657482 
-0.702485 0.401865 -0.587383 
total keyframes=1, already chosen _local_frames=1, want to select 15
#_local_frames=2
0001 0005 
finding corres between 0005(id=4) and 0001(id=0)
start multi pair ransac GPU, pairs#=1
OptimizerGPU begin, global_corres#=874
global_corres=874
maxNumResiduals / maxNumberOfImages = 5674 / 2 = 2837
m_maxNumberOfImages*m_maxCorrPerImage = 2 x 874 = 1748
m_solver->solve Time difference = 6.366[ms]
---- After everything - GPU Memory Usage: 2517.19 MB
----- Before data_loader - GPU Memory Usage: 2517.19 MB
color file: /home/kausik/Documents/BundleTrack2.0/Data/old_dataset/rgb/0006.png
---- After data_loader - GPU Memory Usage: 2527.19 MB


New frame 0006
zmq start waiting for reply
zmq got reply
finding corres between 0006(id=5) and 0005(id=4)
start multi pair ransac GPU, pairs#=1
Ininlier num: 869
validRows 850
iter 0 currentLoss 1.2962
iter 1 currentLoss 1.2962
ori_rot
0.107676 0.876726 0.468784 
0.700623 0.267624 -0.661442 
-0.705361 0.399662 -0.585437 
ori_euler: 2.54259 0.782932 1.4183
rotation_euler: 2.54623 0.779043 1.42243
our rotation matrix
0.105187 0.877092 0.468663 
0.703769 0.267312 -0.658221 
-0.702599 0.399066 -0.589152 
total keyframes=1, already chosen _local_frames=1, want to select 15
#_local_frames=2
0001 0006 
finding corres between 0006(id=5) and 0001(id=0)
start multi pair ransac GPU, pairs#=1
OptimizerGPU begin, global_corres#=865
global_corres=865
maxNumResiduals / maxNumberOfImages = 5665 / 2 = 2832
m_maxNumberOfImages*m_maxCorrPerImage = 2 x 865 = 1730
m_solver->solve Time difference = 6.032[ms]
---- After everything - GPU Memory Usage: 2529.19 MB
----- Before data_loader - GPU Memory Usage: 2529.19 MB
color file: /home/kausik/Documents/BundleTrack2.0/Data/old_dataset/rgb/0007.png
---- After data_loader - GPU Memory Usage: 2539.19 MB


New frame 0007
zmq start waiting for reply
zmq got reply
finding corres between 0007(id=6) and 0006(id=5)
start multi pair ransac GPU, pairs#=1
Ininlier num: 863
validRows 840
iter 0 currentLoss 1.3052
iter 1 currentLoss 1.3052
ori_rot
0.102869 0.87756 0.468302 
0.706525 0.266936 -0.655415 
-0.700172 0.398289 -0.592558 
ori_euler: 2.5498 0.775639 1.42621
rotation_euler: 2.54768 0.779381 1.42164
our rotation matrix
0.105706 0.878004 0.466836 
0.703451 0.265793 -0.659175 
-0.702839 0.398075 -0.589536 
total keyframes=1, already chosen _local_frames=1, want to select 15
#_local_frames=2
0001 0007 
finding corres between 0007(id=6) and 0001(id=0)
start multi pair ransac GPU, pairs#=1
OptimizerGPU begin, global_corres#=864
global_corres=864
maxNumResiduals / maxNumberOfImages = 5664 / 2 = 2832
m_maxNumberOfImages*m_maxCorrPerImage = 2 x 864 = 1728
m_solver->solve Time difference = 6.091[ms]
---- After everything - GPU Memory Usage: 2533.19 MB
----- Before data_loader - GPU Memory Usage: 2533.19 MB
color file: /home/kausik/Documents/BundleTrack2.0/Data/old_dataset/rgb/0008.png
---- After data_loader - GPU Memory Usage: 2541.19 MB


New frame 0008
zmq start waiting for reply
zmq got reply
finding corres between 0008(id=7) and 0007(id=6)
start multi pair ransac GPU, pairs#=1
Ininlier num: 846
validRows 837
iter 0 currentLoss 1.29948
iter 1 currentLoss 1.29948
ori_rot
0.104149 0.876314 0.470349 
0.704814 0.268634 -0.656562 
-0.701706 0.399889 -0.58966 
ori_euler: 2.54567 0.777789 1.42409
rotation_euler: 2.54487 0.778756 1.42387
our rotation matrix
0.104206 0.876055 0.470817 
0.704119 0.269345 -0.657016 
-0.702394 0.399977 -0.588779 
total keyframes=1, already chosen _local_frames=1, want to select 15
#_local_frames=2
0001 0008 
finding corres between 0008(id=7) and 0001(id=0)
start multi pair ransac GPU, pairs#=1
OptimizerGPU begin, global_corres#=871
global_corres=871
maxNumResiduals / maxNumberOfImages = 5671 / 2 = 2835
m_maxNumberOfImages*m_maxCorrPerImage = 2 x 871 = 1742
m_solver->solve Time difference = 6.05[ms]
---- After everything - GPU Memory Usage: 2531.19 MB
----- Before data_loader - GPU Memory Usage: 2531.19 MB
color file: /home/kausik/Documents/BundleTrack2.0/Data/old_dataset/rgb/0009.png
---- After data_loader - GPU Memory Usage: 2541.19 MB


New frame 0009
zmq start waiting for reply
zmq got reply
finding corres between 0009(id=8) and 0008(id=7)
start multi pair ransac GPU, pairs#=1
Ininlier num: 860
validRows 848
iter 0 currentLoss 1.30064
iter 1 currentLoss 1.30064
ori_rot
0.104561 0.876358 0.470173 
0.703114 0.26921 -0.658146 
-0.703348 0.399402 -0.588031 
ori_euler: 2.54495 0.780096 1.42317
rotation_euler: 2.54453 0.779085 1.4222
our rotation matrix
0.105346 0.876363 0.46999 
0.703715 0.268237 -0.657901 
-0.702628 0.400046 -0.588452 
total keyframes=1, already chosen _local_frames=1, want to select 15
#_local_frames=2
0001 0009 
finding corres between 0009(id=8) and 0001(id=0)
start multi pair ransac GPU, pairs#=1
OptimizerGPU begin, global_corres#=868
global_corres=868
maxNumResiduals / maxNumberOfImages = 5668 / 2 = 2834
m_maxNumberOfImages*m_maxCorrPerImage = 2 x 868 = 1736
m_solver->solve Time difference = 6.035[ms]
---- After everything - GPU Memory Usage: 2533.19 MB
----- Before data_loader - GPU Memory Usage: 2533.19 MB
color file: /home/kausik/Documents/BundleTrack2.0/Data/old_dataset/rgb/0010.png
---- After data_loader - GPU Memory Usage: 2541.19 MB


New frame 0010
zmq start waiting for reply
zmq got reply
finding corres between 0010(id=9) and 0009(id=8)
start multi pair ransac GPU, pairs#=1
Ininlier num: 870
validRows 848
iter 0 currentLoss 1.29976
iter 1 currentLoss 1.29976
ori_rot
0.108515 0.874468 0.47279 
0.702037 0.269315 -0.659253 
-0.703825 0.403455 -0.584683 
ori_euler: 2.53758 0.780767 1.41744
rotation_euler: 2.54597 0.779336 1.4235
our rotation matrix
0.104407 0.876703 0.469565 
0.703677 0.268531 -0.657822 
-0.702807 0.399103 -0.588879 
total keyframes=1, already chosen _local_frames=1, want to select 15
#_local_frames=2
0001 0010 
finding corres between 0010(id=9) and 0001(id=0)
start multi pair ransac GPU, pairs#=1
OptimizerGPU begin, global_corres#=869
global_corres=869
maxNumResiduals / maxNumberOfImages = 5669 / 2 = 2834
m_maxNumberOfImages*m_maxCorrPerImage = 2 x 869 = 1738
m_solver->solve Time difference = 6.086[ms]
---- After everything - GPU Memory Usage: 2531.19 MB
----- Before data_loader - GPU Memory Usage: 2531.19 MB
color file: /home/kausik/Documents/BundleTrack2.0/Data/old_dataset/rgb/0011.png
---- After data_loader - GPU Memory Usage: 2541.19 MB


New frame 0011
zmq start waiting for reply
zmq got reply
finding corres between 0011(id=10) and 0010(id=9)
start multi pair ransac GPU, pairs#=1
Ininlier num: 868
validRows 850
iter 0 currentLoss 1.30451
iter 1 currentLoss 1.30451
ori_rot
0.104631 0.876218 0.47042 
0.706766 0.267267 -0.655019 
-0.699667 0.401012 -0.591316 
ori_euler: 2.54567 0.774932 1.42382
rotation_euler: 2.53985 0.778718 1.41986
our rotation matrix
0.10703 0.87476 0.472587 
0.703722 0.269127 -0.65753 
-0.702367 0.402945 -0.586784 
total keyframes=1, already chosen _local_frames=1, want to select 15
#_local_frames=2
0001 0011 
finding corres between 0011(id=10) and 0001(id=0)
start multi pair ransac GPU, pairs#=1
OptimizerGPU begin, global_corres#=865
global_corres=865
maxNumResiduals / maxNumberOfImages = 5665 / 2 = 2832
m_maxNumberOfImages*m_maxCorrPerImage = 2 x 865 = 1730
m_solver->solve Time difference = 6.264[ms]
---- After everything - GPU Memory Usage: 2533.19 MB
----- Before data_loader - GPU Memory Usage: 2533.19 MB
color file: /home/kausik/Documents/BundleTrack2.0/Data/old_dataset/rgb/0012.png
---- After data_loader - GPU Memory Usage: 2541.19 MB


New frame 0012
zmq start waiting for reply
zmq got reply
finding corres between 0012(id=11) and 0011(id=10)
start multi pair ransac GPU, pairs#=1
Ininlier num: 873
validRows 850
iter 0 currentLoss 1.30419
iter 1 currentLoss 1.30419
ori_rot
0.105769 0.87582 0.470904 
0.703863 0.268574 -0.657605 
-0.702417 0.401006 -0.588051 
ori_euler: 2.5431 0.778787 1.42164
rotation_euler: 2.54487 0.779004 1.42248
our rotation matrix
0.105156 0.876441 0.469886 
0.703801 0.26823 -0.657812 
-0.702571 0.39988 -0.588634 
total keyframes=1, already chosen _local_frames=1, want to select 15
#_local_frames=2
0001 0012 
finding corres between 0012(id=11) and 0001(id=0)
start multi pair ransac GPU, pairs#=1
OptimizerGPU begin, global_corres#=868
global_corres=868
maxNumResiduals / maxNumberOfImages = 5668 / 2 = 2834
m_maxNumberOfImages*m_maxCorrPerImage = 2 x 868 = 1736
m_solver->solve Time difference = 6.127[ms]
---- After everything - GPU Memory Usage: 2533.19 MB
----- Before data_loader - GPU Memory Usage: 2533.19 MB
color file: /home/kausik/Documents/BundleTrack2.0/Data/old_dataset/rgb/0013.png
---- After data_loader - GPU Memory Usage: 2541.19 MB


New frame 0013
zmq start waiting for reply
zmq got reply
finding corres between 0013(id=12) and 0012(id=11)
start multi pair ransac GPU, pairs#=1
Ininlier num: 861
validRows 843
iter 0 currentLoss 1.30039
iter 1 currentLoss 1.30039
ori_rot
0.104425 0.877595 0.467891 
0.705563 0.266193 -0.656751 
-0.700911 0.398708 -0.591401 
ori_euler: 2.54841 0.776674 1.42386
rotation_euler: 2.54396 0.781117 1.42003
our rotation matrix
0.106661 0.876799 0.468879 
0.702071 0.26751 -0.65995 
-0.704073 0.399578 -0.587042 
total keyframes=1, already chosen _local_frames=1, want to select 15
#_local_frames=2
0001 0013 
finding corres between 0013(id=12) and 0001(id=0)
start multi pair ransac GPU, pairs#=1
OptimizerGPU begin, global_corres#=871
global_corres=871
maxNumResiduals / maxNumberOfImages = 5671 / 2 = 2835
m_maxNumberOfImages*m_maxCorrPerImage = 2 x 871 = 1742
m_solver->solve Time difference = 6.086[ms]
---- After everything - GPU Memory Usage: 2533.19 MB
----- Before data_loader - GPU Memory Usage: 2533.19 MB
color file: /home/kausik/Documents/BundleTrack2.0/Data/old_dataset/rgb/0014.png
---- After data_loader - GPU Memory Usage: 2541.19 MB


New frame 0014
zmq start waiting for reply
zmq got reply
finding corres between 0014(id=13) and 0013(id=12)
start multi pair ransac GPU, pairs#=1
Ininlier num: 869
validRows 848
iter 0 currentLoss 1.31051
iter 1 currentLoss 1.31051
ori_rot
0.104534 0.878002 0.467103 
0.703916 0.266468 -0.658405 
-0.702549 0.397627 -0.590185 
ori_euler: 2.54871 0.778973 1.42337
rotation_euler: 2.54768 0.777268 1.42439
our rotation matrix
0.103993 0.877148 0.468824 
0.705205 0.267368 -0.656658 
-0.701335 0.398905 -0.590765 
total keyframes=1, already chosen _local_frames=1, want to select 15
#_local_frames=2
0001 0014 
finding corres between 0014(id=13) and 0001(id=0)
start multi pair ransac GPU, pairs#=1
OptimizerGPU begin, global_corres#=875
global_corres=875
maxNumResiduals / maxNumberOfImages = 5675 / 2 = 2837
m_maxNumberOfImages*m_maxCorrPerImage = 2 x 875 = 1750
m_solver->solve Time difference = 6.342[ms]
---- After everything - GPU Memory Usage: 2535.19 MB
----- Before data_loader - GPU Memory Usage: 2535.19 MB
color file: /home/kausik/Documents/BundleTrack2.0/Data/old_dataset/rgb/0015.png
---- After data_loader - GPU Memory Usage: 2543.19 MB


New frame 0015
zmq start waiting for reply
zmq got reply
finding corres between 0015(id=14) and 0014(id=13)
start multi pair ransac GPU, pairs#=1
Ininlier num: 867
validRows 841
iter 0 currentLoss 1.30361
iter 1 currentLoss 1.30361
ori_rot
0.105426 0.875881 0.47087 
0.704522 0.268387 -0.656975 
-0.701807 0.401001 -0.588783 
ori_euler: 2.54369 0.777931 1.42226
rotation_euler: 2.54655 0.78099 1.42171
our rotation matrix
0.105491 0.877553 0.467731 
0.702339 0.26723 -0.659779 
-0.703983 0.398106 -0.588149 
total keyframes=1, already chosen _local_frames=1, want to select 15
#_local_frames=2
0001 0015 
finding corres between 0015(id=14) and 0001(id=0)
start multi pair ransac GPU, pairs#=1
OptimizerGPU begin, global_corres#=864
global_corres=864
maxNumResiduals / maxNumberOfImages = 5664 / 2 = 2832
m_maxNumberOfImages*m_maxCorrPerImage = 2 x 864 = 1728
m_solver->solve Time difference = 6.203[ms]
---- After everything - GPU Memory Usage: 2533.19 MB
----- Before data_loader - GPU Memory Usage: 2533.19 MB
color file: /home/kausik/Documents/BundleTrack2.0/Data/old_dataset/rgb/0016.png
---- After data_loader - GPU Memory Usage: 2543.19 MB


New frame 0016
zmq start waiting for reply
zmq got reply
finding corres between 0016(id=15) and 0015(id=14)
start multi pair ransac GPU, pairs#=1
Ininlier num: 845
validRows 825
iter 0 currentLoss 1.3008
iter 1 currentLoss 1.3008
ori_rot
0.104732 0.877111 0.46873 
0.703658 0.26771 -0.658176 
-0.702777 0.398758 -0.589149 
ori_euler: 2.54658 0.779294 1.42304
rotation_euler: 2.54454 0.779217 1.42121
our rotation matrix
0.106031 0.87664 0.469318 
0.703518 0.267415 -0.658446 
-0.702723 0.39999 -0.588378 
total keyframes=1, already chosen _local_frames=1, want to select 15
#_local_frames=2
0001 0016 
finding corres between 0016(id=15) and 0001(id=0)
start multi pair ransac GPU, pairs#=1
OptimizerGPU begin, global_corres#=862
global_corres=862
maxNumResiduals / maxNumberOfImages = 5662 / 2 = 2831
m_maxNumberOfImages*m_maxCorrPerImage = 2 x 862 = 1724
m_solver->solve Time difference = 6.181[ms]
---- After everything - GPU Memory Usage: 2537.19 MB
----- Before data_loader - GPU Memory Usage: 2537.19 MB
color file: /home/kausik/Documents/BundleTrack2.0/Data/old_dataset/rgb/0017.png
---- After data_loader - GPU Memory Usage: 2543.19 MB


New frame 0017
zmq start waiting for reply
zmq got reply
finding corres between 0017(id=16) and 0016(id=15)
start multi pair ransac GPU, pairs#=1
Ininlier num: 864
validRows 847
iter 0 currentLoss 1.29955
iter 1 currentLoss 1.29955
ori_rot
0.106681 0.876482 0.469466 
0.701808 0.26809 -0.659995 
-0.704333 0.399883 -0.586522 
ori_euler: 2.54319 0.781484 1.41994
rotation_euler: 2.54547 0.778979 1.42226
our rotation matrix
0.105313 0.876779 0.46922 
0.703796 0.267635 -0.65806 
-0.702553 0.399537 -0.588888 
total keyframes=1, already chosen _local_frames=1, want to select 15
#_local_frames=2
0001 0017 
finding corres between 0017(id=16) and 0001(id=0)
start multi pair ransac GPU, pairs#=1
OptimizerGPU begin, global_corres#=870
global_corres=870
maxNumResiduals / maxNumberOfImages = 5670 / 2 = 2835
m_maxNumberOfImages*m_maxCorrPerImage = 2 x 870 = 1740
m_solver->solve Time difference = 6.182[ms]
---- After everything - GPU Memory Usage: 2535.19 MB
----- Before data_loader - GPU Memory Usage: 2535.19 MB
color file: /home/kausik/Documents/BundleTrack2.0/Data/old_dataset/rgb/0018.png
---- After data_loader - GPU Memory Usage: 2543.19 MB


New frame 0018
zmq start waiting for reply
zmq got reply
finding corres between 0018(id=17) and 0017(id=16)
start multi pair ransac GPU, pairs#=1
Ininlier num: 863
validRows 842
iter 0 currentLoss 1.29574
iter 1 currentLoss 1.29574
ori_rot
0.105641 0.876647 0.469393 
0.70234 0.268386 -0.659309 
-0.70396 0.399323 -0.587351 
ori_euler: 2.5445 0.780957 1.4215
rotation_euler: 2.54276 0.783584 1.41926
our rotation matrix
0.106939 0.876588 0.469209 
0.70027 0.268606 -0.661417 
-0.705823 0.399304 -0.585124 
total keyframes=1, already chosen _local_frames=1, want to select 15
#_local_frames=2
0001 0018 
finding corres between 0018(id=17) and 0001(id=0)
start multi pair ransac GPU, pairs#=1
OptimizerGPU begin, global_corres#=871
global_corres=871
maxNumResiduals / maxNumberOfImages = 5671 / 2 = 2835
m_maxNumberOfImages*m_maxCorrPerImage = 2 x 871 = 1742
m_solver->solve Time difference = 6.109[ms]
---- After everything - GPU Memory Usage: 2535.19 MB
----- Before data_loader - GPU Memory Usage: 2535.19 MB
color file: /home/kausik/Documents/BundleTrack2.0/Data/old_dataset/rgb/0019.png
---- After data_loader - GPU Memory Usage: 2543.19 MB


New frame 0019
zmq start waiting for reply
zmq got reply
finding corres between 0019(id=18) and 0018(id=17)
start multi pair ransac GPU, pairs#=1
Ininlier num: 857
validRows 848
iter 0 currentLoss 1.29973
iter 1 currentLoss 1.29973
ori_rot
0.106102 0.878046 0.466667 
0.701385 0.266584 -0.661053 
-0.704841 0.397453 -0.587563 
ori_euler: 2.54685 0.7822 1.42066
rotation_euler: 2.54264 0.780022 1.42118
our rotation matrix
0.105966 0.875801 0.470897 
0.702956 0.268961 -0.658416 
-0.703295 0.40079 -0.587149 
total keyframes=1, already chosen _local_frames=1, want to select 15
#_local_frames=2
0001 0019 
finding corres between 0019(id=18) and 0001(id=0)
start multi pair ransac GPU, pairs#=1
OptimizerGPU begin, global_corres#=870
global_corres=870
maxNumResiduals / maxNumberOfImages = 5670 / 2 = 2835
m_maxNumberOfImages*m_maxCorrPerImage = 2 x 870 = 1740
m_solver->solve Time difference = 6.214[ms]
---- After everything - GPU Memory Usage: 2535.19 MB
----- Before data_loader - GPU Memory Usage: 2535.19 MB
color file: /home/kausik/Documents/BundleTrack2.0/Data/old_dataset/rgb/0020.png
---- After data_loader - GPU Memory Usage: 2543.19 MB


New frame 0020
zmq start waiting for reply
zmq got reply
finding corres between 0020(id=19) and 0019(id=18)
start multi pair ransac GPU, pairs#=1
Ininlier num: 860
validRows 848
iter 0 currentLoss 1.30387
iter 1 currentLoss 1.30387
ori_rot
0.104409 0.87641 0.470112 
0.705302 0.268014 -0.656291 
-0.701176 0.400093 -0.590151 
ori_euler: 2.54582 0.777046 1.42383
rotation_euler: 2.54701 0.781643 1.42092
our rotation matrix
0.105979 0.878016 0.466751 
0.701801 0.266491 -0.66065 
-0.704446 0.397581 -0.58795 
total keyframes=1, already chosen _local_frames=1, want to select 15
#_local_frames=2
0001 0020 
finding corres between 0020(id=19) and 0001(id=0)
start multi pair ransac GPU, pairs#=1
OptimizerGPU begin, global_corres#=872
global_corres=872
maxNumResiduals / maxNumberOfImages = 5672 / 2 = 2836
m_maxNumberOfImages*m_maxCorrPerImage = 2 x 872 = 1744
m_solver->solve Time difference = 6.171[ms]
---- After everything - GPU Memory Usage: 2533.19 MB
----- Before data_loader - GPU Memory Usage: 2533.19 MB
color file: /home/kausik/Documents/BundleTrack2.0/Data/old_dataset/rgb/0021.png
---- After data_loader - GPU Memory Usage: 2543.19 MB


New frame 0021
zmq start waiting for reply
zmq got reply
finding corres between 0021(id=20) and 0020(id=19)
start multi pair ransac GPU, pairs#=1
Ininlier num: 865
validRows 844
iter 0 currentLoss 1.30083
iter 1 currentLoss 1.30083
ori_rot
0.108322 0.876188 0.46964 
0.698728 0.268939 -0.662911 
-0.707139 0.399958 -0.583085 
ori_euler: 2.54037 0.785443 1.41699
rotation_euler: 2.54432 0.777611 1.42235
our rotation matrix
0.105396 0.876137 0.4704 
0.704754 0.267921 -0.656917 
-0.701579 0.400753 -0.589223 
total keyframes=1, already chosen _local_frames=1, want to select 15
#_local_frames=2
0001 0021 
finding corres between 0021(id=20) and 0001(id=0)
start multi pair ransac GPU, pairs#=1
OptimizerGPU begin, global_corres#=862
global_corres=862
maxNumResiduals / maxNumberOfImages = 5662 / 2 = 2831
m_maxNumberOfImages*m_maxCorrPerImage = 2 x 862 = 1724
m_solver->solve Time difference = 6.151[ms]
---- After everything - GPU Memory Usage: 2535.19 MB
----- Before data_loader - GPU Memory Usage: 2535.19 MB
color file: /home/kausik/Documents/BundleTrack2.0/Data/old_dataset/rgb/0022.png
---- After data_loader - GPU Memory Usage: 2543.19 MB


New frame 0022
zmq start waiting for reply
zmq got reply
finding corres between 0022(id=21) and 0021(id=20)
start multi pair ransac GPU, pairs#=1
Ininlier num: 868
validRows 852
iter 0 currentLoss 1.30043
iter 1 currentLoss 1.30043
ori_rot
0.103382 0.878251 0.466891 
0.709526 0.263847 -0.653419 
-0.697054 0.398824 -0.595865 
ori_euler: 2.55176 0.77128 1.42611
rotation_euler: 2.54065 0.781253 1.41806
our rotation matrix
0.108025 0.875776 0.470475 
0.701766 0.268031 -0.660064 
-0.70417 0.401467 -0.585636 
total keyframes=1, already chosen _local_frames=1, want to select 15
#_local_frames=2
0001 0022 
finding corres between 0022(id=21) and 0001(id=0)
start multi pair ransac GPU, pairs#=1
OptimizerGPU begin, global_corres#=875
global_corres=875
maxNumResiduals / maxNumberOfImages = 5675 / 2 = 2837
m_maxNumberOfImages*m_maxCorrPerImage = 2 x 875 = 1750
m_solver->solve Time difference = 6.065[ms]
---- After everything - GPU Memory Usage: 2537.19 MB
----- Before data_loader - GPU Memory Usage: 2537.19 MB
color file: /home/kausik/Documents/BundleTrack2.0/Data/old_dataset/rgb/0023.png
---- After data_loader - GPU Memory Usage: 2545.19 MB


New frame 0023
zmq start waiting for reply
zmq got reply
finding corres between 0023(id=22) and 0022(id=21)
start multi pair ransac GPU, pairs#=1
Ininlier num: 863
validRows 847
iter 0 currentLoss 1.30029
iter 1 currentLoss 1.30029
ori_rot
0.10855 0.876385 0.469218 
0.695679 0.270197 -0.665601 
-0.710104 0.398676 -0.580353 
ori_euler: 2.53968 0.789646 1.41601
rotation_euler: 2.54839 0.778207 1.42282
our rotation matrix
0.104997 0.87795 0.467096 
0.704391 0.265902 -0.658126 
-0.702004 0.39812 -0.590501 
total keyframes=1, already chosen _local_frames=1, want to select 15
#_local_frames=2
0001 0023 
finding corres between 0023(id=22) and 0001(id=0)
start multi pair ransac GPU, pairs#=1
OptimizerGPU begin, global_corres#=870
global_corres=870
maxNumResiduals / maxNumberOfImages = 5670 / 2 = 2835
m_maxNumberOfImages*m_maxCorrPerImage = 2 x 870 = 1740
m_solver->solve Time difference = 6.28[ms]
---- After everything - GPU Memory Usage: 2537.19 MB
----- Before data_loader - GPU Memory Usage: 2537.19 MB
color file: /home/kausik/Documents/BundleTrack2.0/Data/old_dataset/rgb/0024.png
---- After data_loader - GPU Memory Usage: 2545.19 MB


New frame 0024
zmq start waiting for reply
zmq got reply
finding corres between 0024(id=23) and 0023(id=22)
start multi pair ransac GPU, pairs#=1
Ininlier num: 852
validRows 830
iter 0 currentLoss 1.30701
iter 1 currentLoss 1.30701
ori_rot
0.106239 0.87828 0.466195 
0.700848 0.266446 -0.661679 
-0.705355 0.397027 -0.587234 
ori_euler: 2.54709 0.782924 1.42036
rotation_euler: 2.54581 0.777933 1.42293
our rotation matrix
0.104951 0.876699 0.469451 
0.704592 0.267582 -0.657229 
-0.701808 0.399748 -0.589632 
total keyframes=1, already chosen _local_frames=1, want to select 15
#_local_frames=2
0001 0024 
finding corres between 0024(id=23) and 0001(id=0)
start multi pair ransac GPU, pairs#=1
OptimizerGPU begin, global_corres#=861
global_corres=861
maxNumResiduals / maxNumberOfImages = 5661 / 2 = 2830
m_maxNumberOfImages*m_maxCorrPerImage = 2 x 861 = 1722
m_solver->solve Time difference = 6.291[ms]
---- After everything - GPU Memory Usage: 2537.19 MB
----- Before data_loader - GPU Memory Usage: 2537.19 MB
color file: /home/kausik/Documents/BundleTrack2.0/Data/old_dataset/rgb/0025.png
---- After data_loader - GPU Memory Usage: 2545.19 MB


New frame 0025
zmq start waiting for reply
zmq got reply
finding corres between 0025(id=24) and 0024(id=23)
start multi pair ransac GPU, pairs#=1
Ininlier num: 856
validRows 842
iter 0 currentLoss 1.30817
iter 1 currentLoss 1.30817
ori_rot
0.10046 0.877944 0.468105 
0.710334 0.266145 -0.651607 
-0.696659 0.397972 -0.596897 
ori_euler: 2.55354 0.770729 1.4303
rotation_euler: 2.54776 0.781917 1.42049
our rotation matrix
0.106252 0.878497 0.465782 
0.701563 0.265724 -0.661211 
-0.704641 0.397031 -0.588088 
total keyframes=1, already chosen _local_frames=1, want to select 15
#_local_frames=2
0001 0025 
finding corres between 0025(id=24) and 0001(id=0)
start multi pair ransac GPU, pairs#=1
OptimizerGPU begin, global_corres#=871
global_corres=871
maxNumResiduals / maxNumberOfImages = 5671 / 2 = 2835
m_maxNumberOfImages*m_maxCorrPerImage = 2 x 871 = 1742
m_solver->solve Time difference = 6.213[ms]
---- After everything - GPU Memory Usage: 2537.19 MB
----- Before data_loader - GPU Memory Usage: 2537.19 MB
color file: /home/kausik/Documents/BundleTrack2.0/Data/old_dataset/rgb/0026.png
---- After data_loader - GPU Memory Usage: 2545.19 MB


New frame 0026
zmq start waiting for reply
zmq got reply
finding corres between 0026(id=25) and 0025(id=24)
start multi pair ransac GPU, pairs#=1
Ininlier num: 871
validRows 851
iter 0 currentLoss 1.30029
iter 1 currentLoss 1.30029
ori_rot
0.104001 0.878765 0.465785 
0.705877 0.264708 -0.657014 
-0.700658 0.397117 -0.59277 
ori_euler: 2.55133 0.776319 1.42451
rotation_euler: 2.54869 0.777601 1.42491
our rotation matrix
0.103592 0.877499 0.468256 
0.705028 0.267296 -0.656877 
-0.701572 0.398181 -0.590972 
total keyframes=1, already chosen _local_frames=1, want to select 15
#_local_frames=2
0001 0026 
finding corres between 0026(id=25) and 0001(id=0)
start multi pair ransac GPU, pairs#=1
OptimizerGPU begin, global_corres#=868
global_corres=868
maxNumResiduals / maxNumberOfImages = 5668 / 2 = 2834
m_maxNumberOfImages*m_maxCorrPerImage = 2 x 868 = 1736
m_solver->solve Time difference = 6.125[ms]
---- After everything - GPU Memory Usage: 2537.19 MB
----- Before data_loader - GPU Memory Usage: 2537.19 MB
color file: /home/kausik/Documents/BundleTrack2.0/Data/old_dataset/rgb/0027.png
---- After data_loader - GPU Memory Usage: 2545.19 MB


New frame 0027
zmq start waiting for reply
zmq got reply
finding corres between 0027(id=26) and 0026(id=25)
start multi pair ransac GPU, pairs#=1
Ininlier num: 860
validRows 841
iter 0 currentLoss 1.30154
iter 1 currentLoss 1.30154
ori_rot
0.105946 0.876929 0.468798 
0.700907 0.268557 -0.660762 
-0.70534 0.398589 -0.586193 
ori_euler: 2.54444 0.782902 1.42078
rotation_euler: 2.54852 0.777387 1.42338
our rotation matrix
0.104689 0.877815 0.46742 
0.705018 0.265983 -0.657421 
-0.70142 0.398365 -0.59103 
total keyframes=1, already chosen _local_frames=1, want to select 15
#_local_frames=2
0001 0027 
finding corres between 0027(id=26) and 0001(id=0)
start multi pair ransac GPU, pairs#=1
OptimizerGPU begin, global_corres#=860
global_corres=860
maxNumResiduals / maxNumberOfImages = 5660 / 2 = 2830
m_maxNumberOfImages*m_maxCorrPerImage = 2 x 860 = 1720
m_solver->solve Time difference = 6.283[ms]
---- After everything - GPU Memory Usage: 2537.19 MB
----- Before data_loader - GPU Memory Usage: 2537.19 MB
color file: /home/kausik/Documents/BundleTrack2.0/Data/old_dataset/rgb/0028.png
---- After data_loader - GPU Memory Usage: 2545.19 MB


New frame 0028
zmq start waiting for reply
zmq got reply
finding corres between 0028(id=27) and 0027(id=26)
start multi pair ransac GPU, pairs#=1
Ininlier num: 880
validRows 850
iter 0 currentLoss 1.30027
iter 1 currentLoss 1.30027
ori_rot
0.105917 0.877594 0.467557 
0.703186 0.266352 -0.659231 
-0.703072 0.398603 -0.588901 
ori_euler: 2.54657 0.779709 1.4213
rotation_euler: 2.54794 0.779725 1.42309
our rotation matrix
0.10465 0.877759 0.467534 
0.703364 0.267031 -0.658766 
-0.703084 0.397787 -0.589439 
total keyframes=1, already chosen _local_frames=1, want to select 15
#_local_frames=2
0001 0028 
finding corres between 0028(id=27) and 0001(id=0)
start multi pair ransac GPU, pairs#=1
OptimizerGPU begin, global_corres#=875
global_corres=875
maxNumResiduals / maxNumberOfImages = 5675 / 2 = 2837
m_maxNumberOfImages*m_maxCorrPerImage = 2 x 875 = 1750
m_solver->solve Time difference = 6.19[ms]
---- After everything - GPU Memory Usage: 2537.19 MB
----- Before data_loader - GPU Memory Usage: 2537.19 MB
color file: /home/kausik/Documents/BundleTrack2.0/Data/old_dataset/rgb/0029.png
---- After data_loader - GPU Memory Usage: 2545.19 MB


New frame 0029
zmq start waiting for reply
zmq got reply
finding corres between 0029(id=28) and 0028(id=27)
start multi pair ransac GPU, pairs#=1
Ininlier num: 870
validRows 854
iter 0 currentLoss 1.30054
iter 1 currentLoss 1.30054
ori_rot
0.10085 0.877762 0.468362 
0.710361 0.266073 -0.651608 
-0.696575 0.398421 -0.596694 
ori_euler: 2.55287 0.770612 1.42977
rotation_euler: 2.54459 0.779658 1.4208
our rotation matrix
0.106274 0.876801 0.468962 
0.703168 0.267193 -0.65891 
-0.703036 0.399784 -0.588143 
total keyframes=1, already chosen _local_frames=1, want to select 15
#_local_frames=2
0001 0029 
finding corres between 0029(id=28) and 0001(id=0)
start multi pair ransac GPU, pairs#=1
OptimizerGPU begin, global_corres#=866
global_corres=866
maxNumResiduals / maxNumberOfImages = 5666 / 2 = 2833
m_maxNumberOfImages*m_maxCorrPerImage = 2 x 866 = 1732
m_solver->solve Time difference = 6.124[ms]
---- After everything - GPU Memory Usage: 2537.19 MB
----- Before data_loader - GPU Memory Usage: 2537.19 MB
color file: /home/kausik/Documents/BundleTrack2.0/Data/old_dataset/rgb/0030.png
---- After data_loader - GPU Memory Usage: 2545.19 MB


New frame 0030
zmq start waiting for reply
zmq got reply
finding corres between 0030(id=29) and 0029(id=28)
start multi pair ransac GPU, pairs#=1
Ininlier num: 865
validRows 850
iter 0 currentLoss 1.30254
iter 1 currentLoss 1.30254
ori_rot
0.106358 0.877743 0.467178 
0.701651 0.266659 -0.660741 
-0.704538 0.398071 -0.587508 
ori_euler: 2.54609 0.781772 1.42036
rotation_euler: 2.54572 0.779803 1.42276
our rotation matrix
0.104878 0.876813 0.469253 
0.703275 0.268229 -0.658375 
-0.703139 0.399064 -0.58851 
total keyframes=1, already chosen _local_frames=1, want to select 15
#_local_frames=2
0001 0030 
finding corres between 0030(id=29) and 0001(id=0)
start multi pair ransac GPU, pairs#=1
OptimizerGPU begin, global_corres#=873
global_corres=873
maxNumResiduals / maxNumberOfImages = 5673 / 2 = 2836
m_maxNumberOfImages*m_maxCorrPerImage = 2 x 873 = 1746
m_solver->solve Time difference = 6.12[ms]
---- After everything - GPU Memory Usage: 2539.19 MB
----- Before data_loader - GPU Memory Usage: 2539.19 MB
color file: /home/kausik/Documents/BundleTrack2.0/Data/old_dataset/rgb/0031.png
---- After data_loader - GPU Memory Usage: 2547.19 MB


New frame 0031
zmq start waiting for reply
zmq got reply
finding corres between 0031(id=30) and 0030(id=29)
start multi pair ransac GPU, pairs#=1
Ininlier num: 866
validRows 846
iter 0 currentLoss 1.30013
iter 1 currentLoss 1.30013
ori_rot
0.106878 0.877724 0.467094 
0.702737 0.265654 -0.659991 
-0.703376 0.398783 -0.588417 
ori_euler: 2.54597 0.780135 1.41986
rotation_euler: 2.54733 0.779781 1.42078
our rotation matrix
0.106273 0.878092 0.466541 
0.703081 0.265424 -0.659718 
-0.703124 0.398126 -0.589162 
total keyframes=1, already chosen _local_frames=1, want to select 15
#_local_frames=2
0001 0031 
finding corres between 0031(id=30) and 0001(id=0)
start multi pair ransac GPU, pairs#=1
OptimizerGPU begin, global_corres#=868
global_corres=868
maxNumResiduals / maxNumberOfImages = 5668 / 2 = 2834
m_maxNumberOfImages*m_maxCorrPerImage = 2 x 868 = 1736
m_solver->solve Time difference = 6.104[ms]
---- After everything - GPU Memory Usage: 2539.19 MB
----- Before data_loader - GPU Memory Usage: 2539.19 MB
color file: /home/kausik/Documents/BundleTrack2.0/Data/old_dataset/rgb/0032.png
---- After data_loader - GPU Memory Usage: 2547.19 MB


New frame 0032
zmq start waiting for reply
zmq got reply
finding corres between 0032(id=31) and 0031(id=30)
start multi pair ransac GPU, pairs#=1
Ininlier num: 853
validRows 838
iter 0 currentLoss 1.29227
iter 1 currentLoss 1.29227
ori_rot
0.105935 0.877012 0.468646 
0.704172 0.266598 -0.658079 
-0.702082 0.399721 -0.589325 
ori_euler: 2.5456 0.778317 1.42148
rotation_euler: 2.54675 0.778395 1.42166
our rotation matrix
0.105798 0.877504 0.467754 
0.704138 0.266034 -0.658343 
-0.702137 0.399014 -0.589738 
total keyframes=1, already chosen _local_frames=1, want to select 15
#_local_frames=2
0001 0032 
finding corres between 0032(id=31) and 0001(id=0)
start multi pair ransac GPU, pairs#=1
OptimizerGPU begin, global_corres#=861
global_corres=861
maxNumResiduals / maxNumberOfImages = 5661 / 2 = 2830
m_maxNumberOfImages*m_maxCorrPerImage = 2 x 861 = 1722
m_solver->solve Time difference = 6.038[ms]
---- After everything - GPU Memory Usage: 2537.19 MB
----- Before data_loader - GPU Memory Usage: 2537.19 MB
color file: /home/kausik/Documents/BundleTrack2.0/Data/old_dataset/rgb/0033.png
---- After data_loader - GPU Memory Usage: 2547.19 MB


New frame 0033
zmq start waiting for reply
zmq got reply
finding corres between 0033(id=32) and 0032(id=31)
start multi pair ransac GPU, pairs#=1
Ininlier num: 868
validRows 844
iter 0 currentLoss 1.30494
iter 1 currentLoss 1.30494
ori_rot
0.107282 0.877251 0.467891 
0.701859 0.266497 -0.660586 
-0.704191 0.399263 -0.587116 
ori_euler: 2.54439 0.781283 1.41912
rotation_euler: 2.54659 0.778602 1.42195
our rotation matrix
0.105572 0.877365 0.468066 
0.704025 0.266475 -0.658286 
-0.702285 0.399027 -0.589554 
total keyframes=1, already chosen _local_frames=1, want to select 15
#_local_frames=2
0001 0033 
finding corres between 0033(id=32) and 0001(id=0)
start multi pair ransac GPU, pairs#=1
OptimizerGPU begin, global_corres#=885
global_corres=885
maxNumResiduals / maxNumberOfImages = 5685 / 2 = 2842
m_maxNumberOfImages*m_maxCorrPerImage = 2 x 885 = 1770
m_solver->solve Time difference = 6.205[ms]
---- After everything - GPU Memory Usage: 2541.19 MB
----- Before data_loader - GPU Memory Usage: 2541.19 MB
color file: /home/kausik/Documents/BundleTrack2.0/Data/old_dataset/rgb/0034.png
---- After data_loader - GPU Memory Usage: 2547.19 MB


New frame 0034
zmq start waiting for reply
zmq got reply
finding corres between 0034(id=33) and 0033(id=32)
start multi pair ransac GPU, pairs#=1
Ininlier num: 878
validRows 852
iter 0 currentLoss 1.29538
iter 1 currentLoss 1.29538
ori_rot
0.10475 0.876395 0.470062 
0.704906 0.267988 -0.656727 
-0.701524 0.400142 -0.589704 
ori_euler: 2.54541 0.777534 1.42327
rotation_euler: 2.54518 0.781029 1.41933
our rotation matrix
0.10716 0.877551 0.467356 
0.702058 0.266059 -0.660551 
-0.704011 0.398896 -0.587581 
total keyframes=1, already chosen _local_frames=1, want to select 15
#_local_frames=2
0001 0034 
finding corres between 0034(id=33) and 0001(id=0)
start multi pair ransac GPU, pairs#=1
OptimizerGPU begin, global_corres#=881
global_corres=881
maxNumResiduals / maxNumberOfImages = 5681 / 2 = 2840
m_maxNumberOfImages*m_maxCorrPerImage = 2 x 881 = 1762
m_solver->solve Time difference = 6.194[ms]
---- After everything - GPU Memory Usage: 2539.19 MB
----- Before data_loader - GPU Memory Usage: 2539.19 MB
color file: /home/kausik/Documents/BundleTrack2.0/Data/old_dataset/rgb/0035.png
---- After data_loader - GPU Memory Usage: 2547.19 MB


New frame 0035
zmq start waiting for reply
zmq got reply
finding corres between 0035(id=34) and 0034(id=33)
start multi pair ransac GPU, pairs#=1
Ininlier num: 852
validRows 833
iter 0 currentLoss 1.30033
iter 1 currentLoss 1.30033
ori_rot
0.105432 0.877028 0.468727 
0.702878 0.26771 -0.659009 
-0.703453 0.398939 -0.588219 
ori_euler: 2.54564 0.780244 1.42191
rotation_euler: 2.54454 0.779336 1.42238
our rotation matrix
0.105196 0.876333 0.470079 
0.703559 0.268487 -0.657966 
-0.702807 0.399943 -0.588309 
total keyframes=1, already chosen _local_frames=1, want to select 15
#_local_frames=2
0001 0035 
finding corres between 0035(id=34) and 0001(id=0)
start multi pair ransac GPU, pairs#=1
OptimizerGPU begin, global_corres#=856
global_corres=856
maxNumResiduals / maxNumberOfImages = 5656 / 2 = 2828
m_maxNumberOfImages*m_maxCorrPerImage = 2 x 856 = 1712
m_solver->solve Time difference = 6.196[ms]
---- After everything - GPU Memory Usage: 2539.19 MB
----- Before data_loader - GPU Memory Usage: 2539.19 MB
color file: /home/kausik/Documents/BundleTrack2.0/Data/old_dataset/rgb/0036.png
---- After data_loader - GPU Memory Usage: 2547.19 MB


New frame 0036
zmq start waiting for reply
zmq got reply
finding corres between 0036(id=35) and 0035(id=34)
start multi pair ransac GPU, pairs#=1
Ininlier num: 854
validRows 840
iter 0 currentLoss 1.29673
