---- Before everything - GPU Memory Usage: 2399.19 MB
cam K=
380.248       0 314.214
      0 379.827 240.598
      0       0       1
ob_in_cam0
 0.104501  0.703525 -0.702945  0.196172
 0.876877  0.268298  0.398877   0.19759
 0.469219 -0.658079 -0.588868  0.924751
        0         0         0         1

data has 449 images
Connected to port 5555
----- Before data_loader - GPU Memory Usage: 2399.19 MB
color file: /home/kausik/Documents/BundleTrack2.0/Data/old_dataset/rgb/0001.png
---- After data_loader - GPU Memory Usage: 2413.19 MB


New frame 0001
zmq start waiting for reply
zmq got reply
---- After everything - GPU Memory Usage: 2413.19 MB
----- Before data_loader - GPU Memory Usage: 2413.19 MB
color file: /home/kausik/Documents/BundleTrack2.0/Data/old_dataset/rgb/0002.png
---- After data_loader - GPU Memory Usage: 2423.19 MB


New frame 0002
zmq start waiting for reply
zmq got reply
finding corres between 0002(id=1) and 0001(id=0)
start multi pair ransac GPU, pairs#=1
Ininlier num: 861
validRows 854
iter 0 currentLoss 1.30011
iter 1 currentLoss 1.30011
ori_rot
0.106226 0.876363 0.469792 
0.702982 0.267954 -0.6588 
-0.703231 0.400237 -0.587603 
ori_euler: 2.54364 0.779931 1.42082
rotation_euler: 2.54622 0.77953 1.42334
our rotation matrix
0.104501 0.876877 0.469219 
0.703525 0.268298 -0.658079 
-0.702945 0.398877 -0.588868 
total keyframes=1, already chosen _local_frames=1, want to select 15
#_local_frames=2
0001 0002 
OptimizerGPU begin, global_corres#=861
global_corres=861
maxNumResiduals / maxNumberOfImages = 5661 / 2 = 2830
m_maxNumberOfImages*m_maxCorrPerImage = 2 x 861 = 1722
m_solver->solve Time difference = 6.536[ms]
---- After everything - GPU Memory Usage: 2487.19 MB
----- Before data_loader - GPU Memory Usage: 2487.19 MB
color file: /home/kausik/Documents/BundleTrack2.0/Data/old_dataset/rgb/0003.png
---- After data_loader - GPU Memory Usage: 2497.19 MB


New frame 0003
zmq start waiting for reply
zmq got reply
finding corres between 0003(id=2) and 0002(id=1)
start multi pair ransac GPU, pairs#=1
Ininlier num: 856
validRows 844
iter 0 currentLoss 1.30863
iter 1 currentLoss 1.30863
ori_rot
0.103119 0.87575 0.471623 
0.708372 0.268199 -0.6529 
-0.698266 0.401411 -0.592701 
ori_euler: 2.54629 0.772972 1.42624
rotation_euler: 2.54424 0.779789 1.42092
our rotation matrix
0.106174 0.876608 0.469346 
0.70309 0.267588 -0.658833 
-0.703129 0.399944 -0.587924 
total keyframes=1, already chosen _local_frames=1, want to select 15
#_local_frames=2
0001 0003 
finding corres between 0003(id=2) and 0001(id=0)
start multi pair ransac GPU, pairs#=1
OptimizerGPU begin, global_corres#=869
global_corres=869
maxNumResiduals / maxNumberOfImages = 5669 / 2 = 2834
m_maxNumberOfImages*m_maxCorrPerImage = 2 x 869 = 1738
m_solver->solve Time difference = 6.125[ms]
---- After everything - GPU Memory Usage: 2497.19 MB
----- Before data_loader - GPU Memory Usage: 2497.19 MB
color file: /home/kausik/Documents/BundleTrack2.0/Data/old_dataset/rgb/0004.png
---- After data_loader - GPU Memory Usage: 2507.19 MB


New frame 0004
zmq start waiting for reply
zmq got reply
finding corres between 0004(id=3) and 0003(id=2)
start multi pair ransac GPU, pairs#=1
Ininlier num: 872
validRows 852
iter 0 currentLoss 1.30043
iter 1 currentLoss 1.30043
ori_rot
0.104076 0.875607 0.471678 
0.706906 0.268478 -0.654372 
-0.699608 0.401537 -0.59103 
ori_euler: 2.54484 0.774849 1.42462
rotation_euler: 2.54538 0.778713 1.42399
our rotation matrix
0.104122 0.876256 0.470462 
0.704162 0.269107 -0.657068 
-0.702364 0.399696 -0.589006 
total keyframes=1, already chosen _local_frames=1, want to select 15
#_local_frames=2
0001 0004 
finding corres between 0004(id=3) and 0001(id=0)
start multi pair ransac GPU, pairs#=1
OptimizerGPU begin, global_corres#=859
global_corres=859
maxNumResiduals / maxNumberOfImages = 5659 / 2 = 2829
m_maxNumberOfImages*m_maxCorrPerImage = 2 x 859 = 1718
m_solver->solve Time difference = 6.261[ms]
---- After everything - GPU Memory Usage: 2507.19 MB
----- Before data_loader - GPU Memory Usage: 2507.19 MB
color file: /home/kausik/Documents/BundleTrack2.0/Data/old_dataset/rgb/0005.png
---- After data_loader - GPU Memory Usage: 2517.19 MB


New frame 0005
zmq start waiting for reply
zmq got reply
finding corres between 0005(id=4) and 0004(id=3)
start multi pair ransac GPU, pairs#=1
Ininlier num: 857
validRows 836
iter 0 currentLoss 1.30052
iter 1 currentLoss 1.30052
ori_rot
0.10717 0.876877 0.468616 
0.699768 0.268298 -0.662073 
-0.706285 0.398877 -0.584857 
ori_euler: 2.54304 0.784237 1.41883
rotation_euler: 2.54185 0.77821 1.42152
our rotation matrix
0.105914 0.875226 0.471975 
0.704251 0.269064 -0.656989 
-0.702006 0.401974 -0.587882 
total keyframes=1, already chosen _local_frames=1, want to select 15
#_local_frames=2
0001 0005 
finding corres between 0005(id=4) and 0001(id=0)
start multi pair ransac GPU, pairs#=1
OptimizerGPU begin, global_corres#=874
global_corres=874
maxNumResiduals / maxNumberOfImages = 5674 / 2 = 2837
m_maxNumberOfImages*m_maxCorrPerImage = 2 x 874 = 1748
m_solver->solve Time difference = 6.184[ms]
---- After everything - GPU Memory Usage: 2517.19 MB
----- Before data_loader - GPU Memory Usage: 2517.19 MB
color file: /home/kausik/Documents/BundleTrack2.0/Data/old_dataset/rgb/0006.png
---- After data_loader - GPU Memory Usage: 2527.19 MB


New frame 0006
zmq start waiting for reply
zmq got reply
finding corres between 0006(id=5) and 0005(id=4)
start multi pair ransac GPU, pairs#=1
Ininlier num: 869
validRows 850
iter 0 currentLoss 1.2962
iter 1 currentLoss 1.2962
ori_rot
0.10737 0.876886 0.468554 
0.701749 0.267004 -0.660498 
-0.704287 0.399725 -0.586685 
ori_euler: 2.54351 0.781418 1.41897
rotation_euler: 2.54713 0.777527 1.42309
our rotation matrix
0.104881 0.877252 0.468433 
0.704891 0.266693 -0.65727 
-0.701519 0.399129 -0.590395 
total keyframes=1, already chosen _local_frames=1, want to select 15
#_local_frames=2
0001 0006 
finding corres between 0006(id=5) and 0001(id=0)
start multi pair ransac GPU, pairs#=1
OptimizerGPU begin, global_corres#=866
global_corres=866
maxNumResiduals / maxNumberOfImages = 5666 / 2 = 2833
m_maxNumberOfImages*m_maxCorrPerImage = 2 x 866 = 1732
m_solver->solve Time difference = 6.277[ms]
---- After everything - GPU Memory Usage: 2529.19 MB
----- Before data_loader - GPU Memory Usage: 2529.19 MB
color file: /home/kausik/Documents/BundleTrack2.0/Data/old_dataset/rgb/0007.png
---- After data_loader - GPU Memory Usage: 2539.19 MB


New frame 0007
zmq start waiting for reply
zmq got reply
finding corres between 0007(id=6) and 0006(id=5)
start multi pair ransac GPU, pairs#=1
Ininlier num: 863
validRows 840
iter 0 currentLoss 1.3052
iter 1 currentLoss 1.3052
ori_rot
0.102958 0.877432 0.468522 
0.706286 0.26718 -0.655572 
-0.7004 0.398407 -0.592209 
ori_euler: 2.54939 0.775958 1.42604
rotation_euler: 2.54727 0.779699 1.42147
our rotation matrix
0.105796 0.877876 0.467056 
0.703211 0.266037 -0.659331 
-0.703065 0.398194 -0.589186 
total keyframes=1, already chosen _local_frames=1, want to select 15
#_local_frames=2
0001 0007 
finding corres between 0007(id=6) and 0001(id=0)
start multi pair ransac GPU, pairs#=1
OptimizerGPU begin, global_corres#=865
global_corres=865
maxNumResiduals / maxNumberOfImages = 5665 / 2 = 2832
m_maxNumberOfImages*m_maxCorrPerImage = 2 x 865 = 1730
m_solver->solve Time difference = 6.057[ms]
---- After everything - GPU Memory Usage: 2533.19 MB
----- Before data_loader - GPU Memory Usage: 2533.19 MB
color file: /home/kausik/Documents/BundleTrack2.0/Data/old_dataset/rgb/0008.png
---- After data_loader - GPU Memory Usage: 2541.19 MB


New frame 0008
zmq start waiting for reply
zmq got reply
finding corres between 0008(id=7) and 0007(id=6)
start multi pair ransac GPU, pairs#=1
Ininlier num: 846
validRows 837
iter 0 currentLoss 1.29948
iter 1 currentLoss 1.29948
ori_rot
0.103994 0.876489 0.470056 
0.705434 0.268159 -0.656089 
-0.701105 0.399823 -0.590418 
ori_euler: 2.54634 0.776946 1.42443
rotation_euler: 2.54555 0.777913 1.42421
our rotation matrix
0.104051 0.876231 0.470525 
0.70474 0.26887 -0.656545 
-0.701794 0.399912 -0.589538 
total keyframes=1, already chosen _local_frames=1, want to select 15
#_local_frames=2
0001 0008 
finding corres between 0008(id=7) and 0001(id=0)
start multi pair ransac GPU, pairs#=1
OptimizerGPU begin, global_corres#=871
global_corres=871
maxNumResiduals / maxNumberOfImages = 5671 / 2 = 2835
m_maxNumberOfImages*m_maxCorrPerImage = 2 x 871 = 1742
m_solver->solve Time difference = 6.169[ms]
---- After everything - GPU Memory Usage: 2531.19 MB
----- Before data_loader - GPU Memory Usage: 2531.19 MB
color file: /home/kausik/Documents/BundleTrack2.0/Data/old_dataset/rgb/0009.png
---- After data_loader - GPU Memory Usage: 2541.19 MB


New frame 0009
zmq start waiting for reply
zmq got reply
finding corres between 0009(id=8) and 0008(id=7)
start multi pair ransac GPU, pairs#=1
Ininlier num: 860
validRows 848
iter 0 currentLoss 1.30064
iter 1 currentLoss 1.30064
ori_rot
0.104531 0.87642 0.470065 
0.703229 0.269083 -0.658076 
-0.703237 0.399352 -0.588196 
ori_euler: 2.54514 0.779941 1.42323
rotation_euler: 2.54472 0.77893 1.42227
our rotation matrix
0.105316 0.876424 0.469882 
0.70383 0.26811 -0.65783 
-0.702518 0.399997 -0.588618 
total keyframes=1, already chosen _local_frames=1, want to select 15
#_local_frames=2
0001 0009 
finding corres between 0009(id=8) and 0001(id=0)
start multi pair ransac GPU, pairs#=1
OptimizerGPU begin, global_corres#=868
global_corres=868
maxNumResiduals / maxNumberOfImages = 5668 / 2 = 2834
m_maxNumberOfImages*m_maxCorrPerImage = 2 x 868 = 1736
m_solver->solve Time difference = 6.212[ms]
---- After everything - GPU Memory Usage: 2533.19 MB
----- Before data_loader - GPU Memory Usage: 2533.19 MB
color file: /home/kausik/Documents/BundleTrack2.0/Data/old_dataset/rgb/0010.png
---- After data_loader - GPU Memory Usage: 2541.19 MB


New frame 0010
zmq start waiting for reply
zmq got reply
finding corres between 0010(id=9) and 0009(id=8)
start multi pair ransac GPU, pairs#=1
Ininlier num: 870
validRows 848
iter 0 currentLoss 1.29976
iter 1 currentLoss 1.29976
ori_rot
0.108504 0.874361 0.47299 
0.701906 0.269547 -0.659297 
-0.703957 0.403531 -0.584472 
ori_euler: 2.53733 0.780953 1.41743
rotation_euler: 2.54571 0.779523 1.42349
our rotation matrix
0.104395 0.876597 0.469765 
0.703546 0.268762 -0.657868 
-0.70294 0.399179 -0.588669 
total keyframes=1, already chosen _local_frames=1, want to select 15
#_local_frames=2
0001 0010 
finding corres between 0010(id=9) and 0001(id=0)
start multi pair ransac GPU, pairs#=1
OptimizerGPU begin, global_corres#=869
global_corres=869
maxNumResiduals / maxNumberOfImages = 5669 / 2 = 2834
m_maxNumberOfImages*m_maxCorrPerImage = 2 x 869 = 1738
m_solver->solve Time difference = 6.062[ms]
---- After everything - GPU Memory Usage: 2531.19 MB
----- Before data_loader - GPU Memory Usage: 2531.19 MB
color file: /home/kausik/Documents/BundleTrack2.0/Data/old_dataset/rgb/0011.png
---- After data_loader - GPU Memory Usage: 2541.19 MB


New frame 0011
zmq start waiting for reply
zmq got reply
finding corres between 0011(id=10) and 0010(id=9)
start multi pair ransac GPU, pairs#=1
Ininlier num: 868
validRows 850
iter 0 currentLoss 1.30451
iter 1 currentLoss 1.30451
ori_rot
0.10463 0.876017 0.470795 
0.706269 0.267834 -0.655324 
-0.700169 0.401074 -0.590679 
ori_euler: 2.5451 0.775635 1.42372
rotation_euler: 2.53927 0.779419 1.41976
our rotation matrix
0.10703 0.874558 0.472961 
0.703223 0.269694 -0.657831 
-0.702866 0.403005 -0.586144 
total keyframes=1, already chosen _local_frames=1, want to select 15
#_local_frames=2
0001 0011 
finding corres between 0011(id=10) and 0001(id=0)
start multi pair ransac GPU, pairs#=1
OptimizerGPU begin, global_corres#=865
global_corres=865
maxNumResiduals / maxNumberOfImages = 5665 / 2 = 2832
m_maxNumberOfImages*m_maxCorrPerImage = 2 x 865 = 1730
m_solver->solve Time difference = 6.016[ms]
---- After everything - GPU Memory Usage: 2533.19 MB
----- Before data_loader - GPU Memory Usage: 2533.19 MB
color file: /home/kausik/Documents/BundleTrack2.0/Data/old_dataset/rgb/0012.png
---- After data_loader - GPU Memory Usage: 2541.19 MB


New frame 0012
zmq start waiting for reply
zmq got reply
finding corres between 0012(id=11) and 0011(id=10)
start multi pair ransac GPU, pairs#=1
Ininlier num: 873
validRows 850
iter 0 currentLoss 1.30419
iter 1 currentLoss 1.30419
ori_rot
0.105579 0.875782 0.471018 
0.704112 0.268637 -0.657313 
-0.702196 0.401048 -0.588286 
ori_euler: 2.54324 0.778477 1.42196
rotation_euler: 2.54501 0.778694 1.4228
our rotation matrix
0.104967 0.876403 0.47 
0.70405 0.268293 -0.65752 
-0.70235 0.399921 -0.588869 
total keyframes=1, already chosen _local_frames=1, want to select 15
#_local_frames=2
0001 0012 
finding corres between 0012(id=11) and 0001(id=0)
start multi pair ransac GPU, pairs#=1
OptimizerGPU begin, global_corres#=868
global_corres=868
maxNumResiduals / maxNumberOfImages = 5668 / 2 = 2834
m_maxNumberOfImages*m_maxCorrPerImage = 2 x 868 = 1736
m_solver->solve Time difference = 6.243[ms]
---- After everything - GPU Memory Usage: 2533.19 MB
----- Before data_loader - GPU Memory Usage: 2533.19 MB
color file: /home/kausik/Documents/BundleTrack2.0/Data/old_dataset/rgb/0013.png
---- After data_loader - GPU Memory Usage: 2541.19 MB


New frame 0013
zmq start waiting for reply
zmq got reply
finding corres between 0013(id=12) and 0012(id=11)
start multi pair ransac GPU, pairs#=1
Ininlier num: 861
validRows 844
iter 0 currentLoss 1.30039
iter 1 currentLoss 1.30039
ori_rot
0.104909 0.877561 0.467848 
0.703708 0.266909 -0.65845 
-0.702702 0.398305 -0.589545 
ori_euler: 2.54742 0.779188 1.42281
rotation_euler: 2.54388 0.780898 1.42017
our rotation matrix
0.10658 0.876707 0.469069 
0.70224 0.267609 -0.659731 
-0.703918 0.399713 -0.587137 
total keyframes=1, already chosen _local_frames=1, want to select 15
#_local_frames=2
0001 0013 
finding corres between 0013(id=12) and 0001(id=0)
start multi pair ransac GPU, pairs#=1
OptimizerGPU begin, global_corres#=872
global_corres=872
maxNumResiduals / maxNumberOfImages = 5672 / 2 = 2836
m_maxNumberOfImages*m_maxCorrPerImage = 2 x 872 = 1744
m_solver->solve Time difference = 6.214[ms]
---- After everything - GPU Memory Usage: 2533.19 MB
----- Before data_loader - GPU Memory Usage: 2533.19 MB
color file: /home/kausik/Documents/BundleTrack2.0/Data/old_dataset/rgb/0014.png
---- After data_loader - GPU Memory Usage: 2541.19 MB


New frame 0014
zmq start waiting for reply
zmq got reply
finding corres between 0014(id=13) and 0013(id=12)
start multi pair ransac GPU, pairs#=1
Ininlier num: 869
validRows 848
iter 0 currentLoss 1.31051
iter 1 currentLoss 1.31051
ori_rot
0.104544 0.878066 0.46698 
0.703856 0.266404 -0.658495 
-0.702607 0.397528 -0.590182 
ori_euler: 2.54883 0.779055 1.42334
rotation_euler: 2.54779 0.77735 1.42436
our rotation matrix
0.104002 0.877213 0.468702 
0.705146 0.267304 -0.656748 
-0.701393 0.398807 -0.590763 
total keyframes=1, already chosen _local_frames=1, want to select 15
#_local_frames=2
0001 0014 
finding corres between 0014(id=13) and 0001(id=0)
start multi pair ransac GPU, pairs#=1
OptimizerGPU begin, global_corres#=875
global_corres=875
maxNumResiduals / maxNumberOfImages = 5675 / 2 = 2837
m_maxNumberOfImages*m_maxCorrPerImage = 2 x 875 = 1750
m_solver->solve Time difference = 6.134[ms]
---- After everything - GPU Memory Usage: 2535.19 MB
----- Before data_loader - GPU Memory Usage: 2535.19 MB
color file: /home/kausik/Documents/BundleTrack2.0/Data/old_dataset/rgb/0015.png
---- After data_loader - GPU Memory Usage: 2543.19 MB


New frame 0015
zmq start waiting for reply
zmq got reply
finding corres between 0015(id=14) and 0014(id=13)
start multi pair ransac GPU, pairs#=1
Ininlier num: 867
validRows 841
iter 0 currentLoss 1.30361
iter 1 currentLoss 1.30361
ori_rot
0.105566 0.87596 0.47069 
0.704604 0.268117 -0.656998 
-0.701704 0.401007 -0.588902 
ori_euler: 2.54377 0.777786 1.42208
rotation_euler: 2.54664 0.780845 1.42153
our rotation matrix
0.105631 0.877633 0.46755 
0.702421 0.26696 -0.6598 
-0.70388 0.398112 -0.588269 
total keyframes=1, already chosen _local_frames=1, want to select 15
#_local_frames=2
0001 0015 
finding corres between 0015(id=14) and 0001(id=0)
start multi pair ransac GPU, pairs#=1
OptimizerGPU begin, global_corres#=864
global_corres=864
maxNumResiduals / maxNumberOfImages = 5664 / 2 = 2832
m_maxNumberOfImages*m_maxCorrPerImage = 2 x 864 = 1728
m_solver->solve Time difference = 6.016[ms]
---- After everything - GPU Memory Usage: 2533.19 MB
----- Before data_loader - GPU Memory Usage: 2533.19 MB
color file: /home/kausik/Documents/BundleTrack2.0/Data/old_dataset/rgb/0016.png
---- After data_loader - GPU Memory Usage: 2543.19 MB


New frame 0016
zmq start waiting for reply
zmq got reply
finding corres between 0016(id=15) and 0015(id=14)
start multi pair ransac GPU, pairs#=1
Ininlier num: 845
validRows 825
iter 0 currentLoss 1.3008
iter 1 currentLoss 1.3008
ori_rot
0.104953 0.877078 0.468742 
0.703556 0.267638 -0.658314 
-0.702846 0.398879 -0.588984 
ori_euler: 2.54631 0.779391 1.42271
rotation_euler: 2.54427 0.779314 1.42088
our rotation matrix
0.106252 0.876606 0.469331 
0.703416 0.267343 -0.658584 
-0.702791 0.400111 -0.588214 
total keyframes=1, already chosen _local_frames=1, want to select 15
#_local_frames=2
0001 0016 
finding corres between 0016(id=15) and 0001(id=0)
start multi pair ransac GPU, pairs#=1
OptimizerGPU begin, global_corres#=862
global_corres=862
maxNumResiduals / maxNumberOfImages = 5662 / 2 = 2831
m_maxNumberOfImages*m_maxCorrPerImage = 2 x 862 = 1724
m_solver->solve Time difference = 6.138[ms]
---- After everything - GPU Memory Usage: 2537.19 MB
----- Before data_loader - GPU Memory Usage: 2537.19 MB
color file: /home/kausik/Documents/BundleTrack2.0/Data/old_dataset/rgb/0017.png
---- After data_loader - GPU Memory Usage: 2543.19 MB


New frame 0017
zmq start waiting for reply
zmq got reply
finding corres between 0017(id=16) and 0016(id=15)
start multi pair ransac GPU, pairs#=1
Ininlier num: 864
validRows 847
iter 0 currentLoss 1.29955
iter 1 currentLoss 1.29955
ori_rot
0.106606 0.876491 0.469467 
0.702009 0.268023 -0.659807 
-0.704143 0.399909 -0.586732 
ori_euler: 2.54333 0.781216 1.42009
rotation_euler: 2.54561 0.77871 1.42241
our rotation matrix
0.105238 0.876788 0.469221 
0.703997 0.267568 -0.657872 
-0.702362 0.399563 -0.589098 
total keyframes=1, already chosen _local_frames=1, want to select 15
#_local_frames=2
0001 0017 
finding corres between 0017(id=16) and 0001(id=0)
start multi pair ransac GPU, pairs#=1
OptimizerGPU begin, global_corres#=871
global_corres=871
maxNumResiduals / maxNumberOfImages = 5671 / 2 = 2835
m_maxNumberOfImages*m_maxCorrPerImage = 2 x 871 = 1742
m_solver->solve Time difference = 6.342[ms]
---- After everything - GPU Memory Usage: 2535.19 MB
----- Before data_loader - GPU Memory Usage: 2535.19 MB
color file: /home/kausik/Documents/BundleTrack2.0/Data/old_dataset/rgb/0018.png
---- After data_loader - GPU Memory Usage: 2543.19 MB


New frame 0018
zmq start waiting for reply
zmq got reply
finding corres between 0018(id=17) and 0017(id=16)
start multi pair ransac GPU, pairs#=1
Ininlier num: 863
validRows 842
iter 0 currentLoss 1.29574
iter 1 currentLoss 1.29574
ori_rot
0.105866 0.876676 0.469289 
0.702333 0.26817 -0.659404 
-0.703932 0.399406 -0.587328 
ori_euler: 2.54439 0.780919 1.42119
rotation_euler: 2.54264 0.783545 1.41894
our rotation matrix
0.107164 0.876617 0.469104 
0.700263 0.26839 -0.661512 
-0.705795 0.399386 -0.585101 
total keyframes=1, already chosen _local_frames=1, want to select 15
#_local_frames=2
0001 0018 
finding corres between 0018(id=17) and 0001(id=0)
start multi pair ransac GPU, pairs#=1
OptimizerGPU begin, global_corres#=871
global_corres=871
maxNumResiduals / maxNumberOfImages = 5671 / 2 = 2835
m_maxNumberOfImages*m_maxCorrPerImage = 2 x 871 = 1742
m_solver->solve Time difference = 6.089[ms]
---- After everything - GPU Memory Usage: 2535.19 MB
----- Before data_loader - GPU Memory Usage: 2535.19 MB
color file: /home/kausik/Documents/BundleTrack2.0/Data/old_dataset/rgb/0019.png
---- After data_loader - GPU Memory Usage: 2543.19 MB


New frame 0019
zmq start waiting for reply
zmq got reply
finding corres between 0019(id=18) and 0018(id=17)
start multi pair ransac GPU, pairs#=1
Ininlier num: 857
validRows 848
iter 0 currentLoss 1.29973
iter 1 currentLoss 1.29973
ori_rot
0.106416 0.878183 0.466337 
0.701269 0.266204 -0.661329 
-0.704909 0.397404 -0.587515 
ori_euler: 2.54687 0.782295 1.4202
rotation_euler: 2.54266 0.780118 1.42072
our rotation matrix
0.106281 0.87594 0.470568 
0.702841 0.268583 -0.658694 
-0.703363 0.400741 -0.587101 
total keyframes=1, already chosen _local_frames=1, want to select 15
#_local_frames=2
0001 0019 
finding corres between 0019(id=18) and 0001(id=0)
start multi pair ransac GPU, pairs#=1
OptimizerGPU begin, global_corres#=869
global_corres=869
maxNumResiduals / maxNumberOfImages = 5669 / 2 = 2834
m_maxNumberOfImages*m_maxCorrPerImage = 2 x 869 = 1738
m_solver->solve Time difference = 6.313[ms]
---- After everything - GPU Memory Usage: 2535.19 MB
----- Before data_loader - GPU Memory Usage: 2535.19 MB
color file: /home/kausik/Documents/BundleTrack2.0/Data/old_dataset/rgb/0020.png
---- After data_loader - GPU Memory Usage: 2543.19 MB


New frame 0020
zmq start waiting for reply
zmq got reply
finding corres between 0020(id=19) and 0019(id=18)
start multi pair ransac GPU, pairs#=1
Ininlier num: 860
validRows 848
iter 0 currentLoss 1.30387
iter 1 currentLoss 1.30387
ori_rot
0.104484 0.876677 0.469596 
0.705142 0.267672 -0.656603 
-0.701326 0.399737 -0.590214 
ori_euler: 2.54628 0.777256 1.42369
rotation_euler: 2.54747 0.781854 1.42078
our rotation matrix
0.106052 0.878282 0.466234 
0.701639 0.266147 -0.66096 
-0.704596 0.397224 -0.588011 
total keyframes=1, already chosen _local_frames=1, want to select 15
#_local_frames=2
0001 0020 
finding corres between 0020(id=19) and 0001(id=0)
start multi pair ransac GPU, pairs#=1
OptimizerGPU begin, global_corres#=871
global_corres=871
maxNumResiduals / maxNumberOfImages = 5671 / 2 = 2835
m_maxNumberOfImages*m_maxCorrPerImage = 2 x 871 = 1742
m_solver->solve Time difference = 6.197[ms]
---- After everything - GPU Memory Usage: 2533.19 MB
----- Before data_loader - GPU Memory Usage: 2533.19 MB
color file: /home/kausik/Documents/BundleTrack2.0/Data/old_dataset/rgb/0021.png
---- After data_loader - GPU Memory Usage: 2543.19 MB


New frame 0021
zmq start waiting for reply
zmq got reply
finding corres between 0021(id=20) and 0020(id=19)
start multi pair ransac GPU, pairs#=1
Ininlier num: 865
validRows 844
iter 0 currentLoss 1.30083
iter 1 currentLoss 1.30083
ori_rot
0.107566 0.876019 0.470128 
0.700065 0.269024 -0.661465 
-0.705931 0.400271 -0.584332 
ori_euler: 2.541 0.783737 1.41834
rotation_euler: 2.54494 0.775902 1.42367
our rotation matrix
0.104636 0.875969 0.470882 
0.706078 0.268004 -0.655459 
-0.70036 0.401064 -0.59046 
total keyframes=1, already chosen _local_frames=1, want to select 15
#_local_frames=2
0001 0021 
finding corres between 0021(id=20) and 0001(id=0)
start multi pair ransac GPU, pairs#=1
OptimizerGPU begin, global_corres#=864
global_corres=864
maxNumResiduals / maxNumberOfImages = 5664 / 2 = 2832
m_maxNumberOfImages*m_maxCorrPerImage = 2 x 864 = 1728
m_solver->solve Time difference = 6.026[ms]
---- After everything - GPU Memory Usage: 2535.19 MB
----- Before data_loader - GPU Memory Usage: 2535.19 MB
color file: /home/kausik/Documents/BundleTrack2.0/Data/old_dataset/rgb/0022.png
---- After data_loader - GPU Memory Usage: 2543.19 MB


New frame 0022
zmq start waiting for reply
zmq got reply
finding corres between 0022(id=21) and 0021(id=20)
start multi pair ransac GPU, pairs#=1
Ininlier num: 868
validRows 852
iter 0 currentLoss 1.30043
iter 1 currentLoss 1.30043
ori_rot
0.103295 0.87821 0.466986 
0.709252 0.26413 -0.653603 
-0.697346 0.398725 -0.59559 
ori_euler: 2.55166 0.771688 1.42617
rotation_euler: 2.54054 0.78166 1.41812
our rotation matrix
0.107939 0.875735 0.470571 
0.701489 0.268315 -0.660242 
-0.704458 0.401366 -0.585357 
total keyframes=1, already chosen _local_frames=1, want to select 15
#_local_frames=2
0001 0022 
finding corres between 0022(id=21) and 0001(id=0)
start multi pair ransac GPU, pairs#=1
OptimizerGPU begin, global_corres#=872
global_corres=872
maxNumResiduals / maxNumberOfImages = 5672 / 2 = 2836
m_maxNumberOfImages*m_maxCorrPerImage = 2 x 872 = 1744
m_solver->solve Time difference = 6.277[ms]
---- After everything - GPU Memory Usage: 2537.19 MB
----- Before data_loader - GPU Memory Usage: 2537.19 MB
color file: /home/kausik/Documents/BundleTrack2.0/Data/old_dataset/rgb/0023.png
---- After data_loader - GPU Memory Usage: 2545.19 MB


New frame 0023
zmq start waiting for reply
zmq got reply
finding corres between 0023(id=22) and 0022(id=21)
start multi pair ransac GPU, pairs#=1
Ininlier num: 863
validRows 847
iter 0 currentLoss 1.30029
iter 1 currentLoss 1.30029
ori_rot
0.108528 0.876416 0.469166 
0.695201 0.270439 -0.666002 
-0.710576 0.398444 -0.579935 
ori_euler: 2.53961 0.790316 1.41594
rotation_euler: 2.54833 0.778878 1.42276
our rotation matrix
0.104976 0.877981 0.467043 
0.703918 0.266143 -0.658534 
-0.702481 0.39789 -0.590088 
total keyframes=1, already chosen _local_frames=1, want to select 15
#_local_frames=2
0001 0023 
finding corres between 0023(id=22) and 0001(id=0)
start multi pair ransac GPU, pairs#=1
OptimizerGPU begin, global_corres#=871
global_corres=871
maxNumResiduals / maxNumberOfImages = 5671 / 2 = 2835
m_maxNumberOfImages*m_maxCorrPerImage = 2 x 871 = 1742
m_solver->solve Time difference = 6.196[ms]
---- After everything - GPU Memory Usage: 2537.19 MB
----- Before data_loader - GPU Memory Usage: 2537.19 MB
color file: /home/kausik/Documents/BundleTrack2.0/Data/old_dataset/rgb/0024.png
---- After data_loader - GPU Memory Usage: 2545.19 MB


New frame 0024
zmq start waiting for reply
zmq got reply
finding corres between 0024(id=23) and 0023(id=22)
start multi pair ransac GPU, pairs#=1
Ininlier num: 852
validRows 830
iter 0 currentLoss 1.30701
iter 1 currentLoss 1.30701
ori_rot
0.106335 0.878233 0.466261 
0.700911 0.2664 -0.66163 
-0.705278 0.397162 -0.587236 
ori_euler: 2.54693 0.782815 1.42024
rotation_euler: 2.54566 0.777823 1.42281
our rotation matrix
0.105047 0.876652 0.469517 
0.704656 0.267536 -0.65718 
-0.70173 0.399883 -0.589634 
total keyframes=1, already chosen _local_frames=1, want to select 15
#_local_frames=2
0001 0024 
finding corres between 0024(id=23) and 0001(id=0)
start multi pair ransac GPU, pairs#=1
OptimizerGPU begin, global_corres#=862
global_corres=862
maxNumResiduals / maxNumberOfImages = 5662 / 2 = 2831
m_maxNumberOfImages*m_maxCorrPerImage = 2 x 862 = 1724
m_solver->solve Time difference = 6.022[ms]
---- After everything - GPU Memory Usage: 2537.19 MB
----- Before data_loader - GPU Memory Usage: 2537.19 MB
color file: /home/kausik/Documents/BundleTrack2.0/Data/old_dataset/rgb/0025.png
---- After data_loader - GPU Memory Usage: 2545.19 MB


New frame 0025
zmq start waiting for reply
zmq got reply
finding corres between 0025(id=24) and 0024(id=23)
start multi pair ransac GPU, pairs#=1
Ininlier num: 856
validRows 842
iter 0 currentLoss 1.30817
iter 1 currentLoss 1.30817
ori_rot
0.10002 0.877692 0.468671 
0.711651 0.266091 -0.65019 
-0.695376 0.398562 -0.597997 
ori_euler: 2.55371 0.768943 1.43116
rotation_euler: 2.54795 0.780133 1.42137
our rotation matrix
0.10582 0.878246 0.466354 
0.702899 0.265672 -0.659811 
-0.703374 0.397621 -0.589205 
total keyframes=1, already chosen _local_frames=1, want to select 15
#_local_frames=2
0001 0025 
finding corres between 0025(id=24) and 0001(id=0)
start multi pair ransac GPU, pairs#=1
OptimizerGPU begin, global_corres#=874
global_corres=874
maxNumResiduals / maxNumberOfImages = 5674 / 2 = 2837
m_maxNumberOfImages*m_maxCorrPerImage = 2 x 874 = 1748
m_solver->solve Time difference = 6.231[ms]
---- After everything - GPU Memory Usage: 2537.19 MB
----- Before data_loader - GPU Memory Usage: 2537.19 MB
color file: /home/kausik/Documents/BundleTrack2.0/Data/old_dataset/rgb/0026.png
---- After data_loader - GPU Memory Usage: 2545.19 MB


New frame 0026
zmq start waiting for reply
zmq got reply
finding corres between 0026(id=25) and 0025(id=24)
start multi pair ransac GPU, pairs#=1
Ininlier num: 871
validRows 851
iter 0 currentLoss 1.30029
iter 1 currentLoss 1.30029
ori_rot
0.103653 0.878748 0.465895 
0.706461 0.264679 -0.656398 
-0.700121 0.397174 -0.593366 
ori_euler: 2.55173 0.775567 1.42511
rotation_euler: 2.54908 0.776849 1.42551
our rotation matrix
0.103244 0.877481 0.468366 
0.705613 0.267265 -0.656262 
-0.701036 0.398241 -0.591568 
total keyframes=1, already chosen _local_frames=1, want to select 15
#_local_frames=2
0001 0026 
finding corres between 0026(id=25) and 0001(id=0)
start multi pair ransac GPU, pairs#=1
OptimizerGPU begin, global_corres#=867
global_corres=867
maxNumResiduals / maxNumberOfImages = 5667 / 2 = 2833
m_maxNumberOfImages*m_maxCorrPerImage = 2 x 867 = 1734
m_solver->solve Time difference = 6.054[ms]
---- After everything - GPU Memory Usage: 2537.19 MB
----- Before data_loader - GPU Memory Usage: 2537.19 MB
color file: /home/kausik/Documents/BundleTrack2.0/Data/old_dataset/rgb/0027.png
---- After data_loader - GPU Memory Usage: 2545.19 MB


New frame 0027
zmq start waiting for reply
zmq got reply
finding corres between 0027(id=26) and 0026(id=25)
start multi pair ransac GPU, pairs#=1
Ininlier num: 860
validRows 841
iter 0 currentLoss 1.30154
iter 1 currentLoss 1.30154
ori_rot
0.106132 0.877153 0.468336 
0.701409 0.267809 -0.660532 
-0.704813 0.398599 -0.58682 
ori_euler: 2.54493 0.782159 1.42062
rotation_euler: 2.549 0.776643 1.42322
our rotation matrix
0.104878 0.878037 0.466959 
0.705518 0.265235 -0.657187 
-0.700889 0.398373 -0.591653 
total keyframes=1, already chosen _local_frames=1, want to select 15
#_local_frames=2
0001 0027 
finding corres between 0027(id=26) and 0001(id=0)
start multi pair ransac GPU, pairs#=1
OptimizerGPU begin, global_corres#=862
global_corres=862
maxNumResiduals / maxNumberOfImages = 5662 / 2 = 2831
m_maxNumberOfImages*m_maxCorrPerImage = 2 x 862 = 1724
m_solver->solve Time difference = 6.011[ms]
---- After everything - GPU Memory Usage: 2537.19 MB
----- Before data_loader - GPU Memory Usage: 2537.19 MB
color file: /home/kausik/Documents/BundleTrack2.0/Data/old_dataset/rgb/0028.png
---- After data_loader - GPU Memory Usage: 2545.19 MB


New frame 0028
zmq start waiting for reply
zmq got reply
finding corres between 0028(id=27) and 0027(id=26)
start multi pair ransac GPU, pairs#=1
Ininlier num: 880
validRows 850
iter 0 currentLoss 1.30027
iter 1 currentLoss 1.30027
ori_rot
0.105514 0.877425 0.467966 
0.702767 0.26715 -0.659355 
-0.703551 0.398443 -0.588438 
ori_euler: 2.54639 0.780383 1.42177
rotation_euler: 2.54776 0.780399 1.42357
our rotation matrix
0.104248 0.877588 0.467943 
0.702945 0.267828 -0.65889 
-0.703563 0.397626 -0.588976 
total keyframes=1, already chosen _local_frames=1, want to select 15
#_local_frames=2
0001 0028 
finding corres between 0028(id=27) and 0001(id=0)
start multi pair ransac GPU, pairs#=1
OptimizerGPU begin, global_corres#=875
global_corres=875
maxNumResiduals / maxNumberOfImages = 5675 / 2 = 2837
m_maxNumberOfImages*m_maxCorrPerImage = 2 x 875 = 1750
m_solver->solve Time difference = 6.124[ms]
---- After everything - GPU Memory Usage: 2537.19 MB
----- Before data_loader - GPU Memory Usage: 2537.19 MB
color file: /home/kausik/Documents/BundleTrack2.0/Data/old_dataset/rgb/0029.png
---- After data_loader - GPU Memory Usage: 2545.19 MB


New frame 0029
zmq start waiting for reply
zmq got reply
finding corres between 0029(id=28) and 0028(id=27)
start multi pair ransac GPU, pairs#=1
Ininlier num: 870
validRows 854
iter 0 currentLoss 1.30054
iter 1 currentLoss 1.30054
ori_rot
0.101056 0.877727 0.468383 
0.71018 0.26606 -0.65181 
-0.696729 0.398506 -0.596457 
ori_euler: 2.55258 0.770828 1.42945
rotation_euler: 2.54431 0.779872 1.42047
our rotation matrix
0.106481 0.876767 0.46898 
0.702985 0.267181 -0.659111 
-0.703189 0.399868 -0.587904 
total keyframes=1, already chosen _local_frames=1, want to select 15
#_local_frames=2
0001 0029 
finding corres between 0029(id=28) and 0001(id=0)
start multi pair ransac GPU, pairs#=1
OptimizerGPU begin, global_corres#=867
global_corres=867
maxNumResiduals / maxNumberOfImages = 5667 / 2 = 2833
m_maxNumberOfImages*m_maxCorrPerImage = 2 x 867 = 1734
m_solver->solve Time difference = 6.067[ms]
---- After everything - GPU Memory Usage: 2537.19 MB
----- Before data_loader - GPU Memory Usage: 2537.19 MB
color file: /home/kausik/Documents/BundleTrack2.0/Data/old_dataset/rgb/0030.png
---- After data_loader - GPU Memory Usage: 2545.19 MB


New frame 0030
zmq start waiting for reply
zmq got reply
finding corres between 0030(id=29) and 0029(id=28)
start multi pair ransac GPU, pairs#=1
Ininlier num: 865
validRows 848
iter 0 currentLoss 1.30254
iter 1 currentLoss 1.30254
ori_rot
0.106632 0.877622 0.467342 
0.70125 0.266837 -0.661094 
-0.704895 0.398217 -0.58698 
ori_euler: 2.5455 0.782276 1.41989
rotation_euler: 2.54609 0.778304 1.42353
our rotation matrix
0.104492 0.876693 0.469564 
0.704397 0.268068 -0.65724 
-0.702073 0.399436 -0.589529 
total keyframes=1, already chosen _local_frames=1, want to select 15
#_local_frames=2
0001 0030 
finding corres between 0030(id=29) and 0001(id=0)
start multi pair ransac GPU, pairs#=1
OptimizerGPU begin, global_corres#=873
global_corres=873
maxNumResiduals / maxNumberOfImages = 5673 / 2 = 2836
m_maxNumberOfImages*m_maxCorrPerImage = 2 x 873 = 1746
m_solver->solve Time difference = 6.274[ms]
---- After everything - GPU Memory Usage: 2539.19 MB
----- Before data_loader - GPU Memory Usage: 2539.19 MB
color file: /home/kausik/Documents/BundleTrack2.0/Data/old_dataset/rgb/0031.png
---- After data_loader - GPU Memory Usage: 2547.19 MB


New frame 0031
zmq start waiting for reply
zmq got reply
finding corres between 0031(id=30) and 0030(id=29)
start multi pair ransac GPU, pairs#=1
Ininlier num: 867
validRows 848
iter 0 currentLoss 1.30013
iter 1 currentLoss 1.30013
ori_rot
0.106793 0.878005 0.466586 
0.703073 0.265135 -0.659842 
-0.703052 0.398511 -0.588987 
ori_euler: 2.54674 0.779681 1.42005
rotation_euler: 2.54742 0.7801 1.42084
our rotation matrix
0.106195 0.878136 0.466476 
0.702866 0.265546 -0.659897 
-0.70335 0.397948 -0.589012 
total keyframes=1, already chosen _local_frames=1, want to select 15
#_local_frames=2
0001 0031 
finding corres between 0031(id=30) and 0001(id=0)
start multi pair ransac GPU, pairs#=1
OptimizerGPU begin, global_corres#=868
global_corres=868
maxNumResiduals / maxNumberOfImages = 5668 / 2 = 2834
m_maxNumberOfImages*m_maxCorrPerImage = 2 x 868 = 1736
m_solver->solve Time difference = 6.276[ms]
---- After everything - GPU Memory Usage: 2539.19 MB
----- Before data_loader - GPU Memory Usage: 2539.19 MB
color file: /home/kausik/Documents/BundleTrack2.0/Data/old_dataset/rgb/0032.png
---- After data_loader - GPU Memory Usage: 2547.19 MB


New frame 0032
zmq start waiting for reply
zmq got reply
finding corres between 0032(id=31) and 0031(id=30)
start multi pair ransac GPU, pairs#=1
Ininlier num: 853
validRows 838
iter 0 currentLoss 1.29227
iter 1 currentLoss 1.29227
ori_rot
0.106257 0.87699 0.468614 
0.704063 0.266433 -0.658262 
-0.702143 0.399879 -0.589146 
ori_euler: 2.54528 0.778403 1.42101
rotation_euler: 2.54642 0.77848 1.42119
our rotation matrix
0.10612 0.877482 0.467722 
0.704029 0.265869 -0.658526 
-0.702198 0.399172 -0.589559 
total keyframes=1, already chosen _local_frames=1, want to select 15
#_local_frames=2
0001 0032 
finding corres between 0032(id=31) and 0001(id=0)
start multi pair ransac GPU, pairs#=1
OptimizerGPU begin, global_corres#=861
global_corres=861
maxNumResiduals / maxNumberOfImages = 5661 / 2 = 2830
m_maxNumberOfImages*m_maxCorrPerImage = 2 x 861 = 1722
m_solver->solve Time difference = 6.197[ms]
---- After everything - GPU Memory Usage: 2537.19 MB
----- Before data_loader - GPU Memory Usage: 2537.19 MB
color file: /home/kausik/Documents/BundleTrack2.0/Data/old_dataset/rgb/0033.png
---- After data_loader - GPU Memory Usage: 2547.19 MB


New frame 0033
zmq start waiting for reply
zmq got reply
finding corres between 0033(id=32) and 0032(id=31)
start multi pair ransac GPU, pairs#=1
Ininlier num: 868
validRows 844
iter 0 currentLoss 1.30494
iter 1 currentLoss 1.30494
ori_rot
0.107616 0.877273 0.467773 
0.701675 0.266304 -0.660859 
-0.704323 0.399343 -0.586902 
ori_euler: 2.54412 0.781469 1.41861
rotation_euler: 2.54633 0.778788 1.42145
our rotation matrix
0.105906 0.877387 0.467949 
0.703842 0.266281 -0.65856 
-0.702418 0.399108 -0.589341 
total keyframes=1, already chosen _local_frames=1, want to select 15
#_local_frames=2
0001 0033 
finding corres between 0033(id=32) and 0001(id=0)
start multi pair ransac GPU, pairs#=1
OptimizerGPU begin, global_corres#=886
global_corres=886
maxNumResiduals / maxNumberOfImages = 5686 / 2 = 2843
m_maxNumberOfImages*m_maxCorrPerImage = 2 x 886 = 1772
m_solver->solve Time difference = 6.211[ms]
---- After everything - GPU Memory Usage: 2541.19 MB
----- Before data_loader - GPU Memory Usage: 2541.19 MB
color file: /home/kausik/Documents/BundleTrack2.0/Data/old_dataset/rgb/0034.png
---- After data_loader - GPU Memory Usage: 2547.19 MB


New frame 0034
zmq start waiting for reply
zmq got reply
finding corres between 0034(id=33) and 0033(id=32)
start multi pair ransac GPU, pairs#=1
Ininlier num: 878
validRows 852
iter 0 currentLoss 1.29538
iter 1 currentLoss 1.29538
ori_rot
0.104531 0.87618 0.470512 
0.704908 0.268462 -0.656531 
-0.701554 0.400295 -0.589563 
ori_euler: 2.54512 0.777576 1.42358
rotation_euler: 2.54489 0.781071 1.41963
our rotation matrix
0.106943 0.877336 0.467807 
0.702061 0.266533 -0.660356 
-0.70404 0.39905 -0.58744 
total keyframes=1, already chosen _local_frames=1, want to select 15
#_local_frames=2
0001 0034 
finding corres between 0034(id=33) and 0001(id=0)
start multi pair ransac GPU, pairs#=1
OptimizerGPU begin, global_corres#=882
global_corres=882
maxNumResiduals / maxNumberOfImages = 5682 / 2 = 2841
m_maxNumberOfImages*m_maxCorrPerImage = 2 x 882 = 1764
m_solver->solve Time difference = 6.12[ms]
---- After everything - GPU Memory Usage: 2539.19 MB
----- Before data_loader - GPU Memory Usage: 2539.19 MB
color file: /home/kausik/Documents/BundleTrack2.0/Data/old_dataset/rgb/0035.png
---- After data_loader - GPU Memory Usage: 2547.19 MB


New frame 0035
zmq start waiting for reply
zmq got reply
finding corres between 0035(id=34) and 0034(id=33)
start multi pair ransac GPU, pairs#=1
Ininlier num: 852
validRows 833
iter 0 currentLoss 1.30033
iter 1 currentLoss 1.30033
ori_rot
0.105529 0.877095 0.468581 
0.703529 0.26717 -0.658534 
-0.702788 0.399155 -0.588867 
ori_euler: 2.5459 0.779308 1.42191
rotation_euler: 2.5448 0.7784 1.42238
our rotation matrix
0.105293 0.8764 0.469933 
0.704209 0.267946 -0.657491 
-0.702141 0.40016 -0.588956 
total keyframes=1, already chosen _local_frames=1, want to select 15
#_local_frames=2
0001 0035 
finding corres between 0035(id=34) and 0001(id=0)
start multi pair ransac GPU, pairs#=1
OptimizerGPU begin, global_corres#=857
global_corres=857
maxNumResiduals / maxNumberOfImages = 5657 / 2 = 2828
m_maxNumberOfImages*m_maxCorrPerImage = 2 x 857 = 1714
m_solver->solve Time difference = 6.082[ms]
---- After everything - GPU Memory Usage: 2539.19 MB
----- Before data_loader - GPU Memory Usage: 2539.19 MB
color file: /home/kausik/Documents/BundleTrack2.0/Data/old_dataset/rgb/0036.png
---- After data_loader - GPU Memory Usage: 2547.19 MB


New frame 0036
zmq start waiting for reply
zmq got reply
finding corres between 0036(id=35) and 0035(id=34)
start multi pair ransac GPU, pairs#=1
Ininlier num: 854
validRows 840
iter 0 currentLoss 1.29673
iter 1 currentLoss 1.29673
ori_rot
